-3.14159 2.0771e-12 1.3571e-12
-3.13531 -1.35985e-12 1.79442e-12
-3.12903 3.47707e-12 8.91983e-13
-3.12274 1.6164e-12 -2.4628e-12
-3.11646 -4.51955e-13 -1.08439e-13
-3.11018 1.47146e-12 -7.79844e-13
-3.10389 1.89556e-12 -1.77308e-12
-3.09761 -5.91263e-13 -5.47281e-14
-3.09133 -9.87352e-12 -3.5231e-11
-3.08504 -1.79352e-10 -5.61953e-10
-3.07876 -6.44849e-09 -2.04184e-08
-3.07248 -1.24186e-07 -3.92852e-07
-3.06619 -1.11533e-06 -3.52839e-06
-3.05991 -1.83432e-05 -5.80291e-05
-3.05363 -6.61749e-05 -0.000209346
-3.04734 0.000821831 0.00259988
-3.04106 0.000581311 0.00183899
-3.03478 0.000310574 0.000982508
-3.0285 4.04981e-05 0.000128116
-3.02221 -0.00021422 -0.000677691
-3.01593 -0.000463708 -0.00146695
-3.00965 -0.000687495 -0.00217491
-3.00336 -0.000896367 -0.00283568
-2.99708 -0.0010775 -0.00340871
-2.9908 -0.00124028 -0.00392365
-2.98451 -0.00137982 -0.0043651
-2.97823 -0.00149627 -0.00473347
-2.97195 -0.0015888 -0.0050262
-2.96566 -0.00166019 -0.00525206
-2.95938 -0.00171051 -0.00541122
-2.9531 -0.00174075 -0.00550689
-2.94681 -0.00175203 -0.00554258
-2.94053 -0.00174501 -0.00552038
-2.93425 -0.00172043 -0.00544263
-2.92796 -0.0016804 -0.00531599
-2.92168 -0.00162606 -0.00514407
-2.9154 -0.00155823 -0.00492951
-2.90911 -0.00147658 -0.00467118
-2.90283 -0.00138487 -0.00438108
-2.89655 -0.00128333 -0.00405986
-2.89027 -0.00117306 -0.00371101
-2.88398 -0.00105524 -0.00333828
-2.8777 -0.000931103 -0.00294556
-2.87142 -0.000801919 -0.00253689
-2.86513 -0.000668961 -0.00211627
-2.85885 -0.000529454 -0.00167494
-2.85257 -0.00039203 -0.0012402
-2.84628 -0.000254383 -0.000804746
-2.84 -0.00011244 -0.000355707
-2.83372 2.32406e-05 7.3522e-05
-2.82743 0.000161488 0.000510871
-2.82115 0.000291678 0.000922729
-2.81487 0.000423297 0.00133911
-2.80858 0.000550359 0.00174107
-2.8023 0.000666878 0.00210968
-2.79602 0.000783012 0.00247707
-2.78973 0.000893045 0.00282517
-2.78345 0.000971035 0.00307189
-2.77717 0.00108707 0.00343897
-2.77088 0.00117243 0.003709
-2.7646 0.00125227 0.00396158
-2.75832 0.00132536 0.0041928
-2.75204 0.0013871 0.00438811
-2.74575 0.00144371 0.0045672
-2.73947 0.0014926 0.00472188
-2.73319 0.00153378 0.00485215
-2.7269 0.00156461 0.00494967
-2.72062 0.00158995 0.00502984
-2.71434 0.00160812 0.00508732
-2.70805 0.00161932 0.00512274
-2.70177 0.00162397 0.00513745
-2.69549 0.00162391 0.00513727
-2.6892 0.00161547 0.00511059
-2.68292 0.00160103 0.00506488
-2.67664 0.00157682 0.00498829
-2.67035 0.00155888 0.00493155
-2.66407 0.0015328 0.00484905
-2.65779 0.00150018 0.00474583
-2.6515 0.0014627 0.00462729
-2.64522 0.00138248 0.00437352
-2.63894 0.00138248 0.00437352
-2.63265 0.00133785 0.00423231
-2.62637 0.00129703 0.00410319
-2.62009 0.00124042 0.0039241
-2.61381 0.00119616 0.00378408
-2.60752 0.00113588 0.00359339
-2.60124 0.00109076 0.00345063
-2.59496 0.00102751 0.00325055
-2.58867 0.000982112 0.00310693
-2.58239 0.000916574 0.0028996
-2.57611 0.000912909 0.00288801
-2.56982 0.000805782 0.00254911
-2.56354 0.000764275 0.0024178
-2.55726 0.000696166 0.00220234
-2.55097 0.000669737 0.00211873
-2.54469 0.000589456 0.00186476
-2.53841 0.000541091 0.00171175
-2.53212 0.000486263 0.0015383
-2.52584 0.000418635 0.00132436
-2.51956 0.000387439 0.00122567
-2.51327 0.000320439 0.00101371
-2.50699 0.000276621 0.000875095
-2.50071 0.000227154 0.000718607
-2.49442 0.00016167 0.000511446
-2.48814 0.000138967 0.000439625
-2.48186 7.48067e-05 0.000236653
-2.47558 1.1008e-05 3.48241e-05
-2.46929 -6.97542e-06 -2.20668e-05
-2.46301 -6.92303e-05 -0.000219011
-2.45673 -0.000120338 -0.00038069
-2.45044 -0.000144298 -0.000456489
-2.44416 -0.000204579 -0.000647189
-2.43788 -0.000249361 -0.00078886
-2.43159 -0.000273145 -0.000864098
-2.42531 -0.000331409 -0.00104842
-2.41903 -0.000376041 -0.00118961
-2.41274 -0.000393387 -0.00124449
-2.40646 -0.000449584 -0.00142227
-2.40018 -0.000500112 -0.00158212
-2.39389 -0.000505472 -0.00159907
-2.38761 -0.000559535 -0.0017701
-2.38133 -0.000613709 -0.00194148
-2.37504 -0.00062142 -0.00196588
-2.36876 -0.000661175 -0.00209164
-2.36248 -0.000713161 -0.0022561
-2.35619 -0.000739976 -0.00234093
-2.34991 -0.000754874 -0.00238806
-2.34363 -0.000804497 -0.00254504
-2.33734 -0.000854334 -0.0027027
-2.33106 -0.000855604 -0.00270672
-2.32478 -0.00088779 -0.00280854
-2.3185 -0.000935048 -0.00295804
-2.31221 -0.000968017 -0.00306234
-2.30593 -0.000968017 -0.00306234
-2.29965 -0.000968017 -0.00306234
-2.29336 -0.000968017 -0.00306234
-2.28708 -0.000968017 -0.00306234
-2.2808 -0.000968017 -0.00306234
-2.27451 -0.000968017 -0.00306234
-2.26823 -0.000968017 -0.00306234
-2.26195 -0.000968017 -0.00306234
-2.25566 -0.00118098 -0.00373606
-2.24938 -0.0012086 -0.00382342
-2.2431 -0.00124665 -0.00394382
-2.23681 -0.00127969 -0.00404833
-2.23053 -0.00127969 -0.00404833
-2.22425 -0.00128925 -0.00407856
-2.21796 -0.00132326 -0.00418616
-2.21168 -0.00135743 -0.00429424
-2.2054 -0.00137144 -0.00433859
-2.19911 -0.00137144 -0.00433859
-2.19283 -0.00138744 -0.00438919
-2.18655 -0.00145446 -0.00460122
-2.18027 -0.00145446 -0.00460122
-2.17398 -0.00145446 -0.00460122
-2.1677 -0.00145446 -0.00460122
-2.16142 -0.0014655 -0.00463614
-2.15513 -0.00148993 -0.00471342
-2.14885 -0.00151441 -0.00479088
-2.14257 -0.00152659 -0.00482941
-2.13628 -0.00152659 -0.00482941
-2.13 -0.00152659 -0.00482941
-2.12372 -0.00154444 -0.00488587
-2.11743 -0.00156325 -0.00494539
-2.11115 -0.00158209 -0.00500498
-2.10487 -0.00158533 -0.00501521
-2.09858 -0.00158533 -0.00501521
-2.0923 -0.00158533 -0.00501521
-2.08602 -0.00159712 -0.00505252
-2.07973 -0.00160986 -0.00509284
-2.07345 -0.00162261 -0.00513317
-2.06717 -0.00162779 -0.00514954
-2.06088 -0.00162779 -0.00514954
-2.0546 -0.00162779 -0.00514954
-2.04832 -0.00162964 -0.00515541
-2.04204 -0.00163607 -0.00517575
-2.03575 -0.0016425 -0.00519608
-2.02947 -0.00164892 -0.00521639
-2.02319 -0.00165081 -0.00522238
-2.0169 -0.00165081 -0.00522238
-2.01062 -0.00165081 -0.00522238
-2.00434 -0.00165081 -0.00522238
-1.99805 -0.00165086 -0.00522253
-1.99177 -0.00165092 -0.00522271
-1.98549 -0.00165097 -0.00522289
-1.9792 -0.00165103 -0.00522307
-1.97292 -0.00165103 -0.00522307
-1.96664 -0.00165103 -0.00522307
-1.96035 -0.00165103 -0.00522307
-1.95407 -0.00165103 -0.00522307
-1.94779 -0.00164778 -0.00521278
-1.9415 -0.00164157 -0.00519315
-1.93522 -0.00163536 -0.00517351
-1.92894 -0.00162915 -0.00515386
-1.92265 -0.00162501 -0.00514075
-1.91637 -0.00162501 -0.00514075
-1.91009 -0.00162501 -0.00514075
-1.90381 -0.00162501 -0.00514075
-1.89752 -0.00162501 -0.00514075
-1.89124 -0.00162392 -0.0051373
-1.88496 -0.00161154 -0.00509815
-1.87867 -0.00159914 -0.00505892
-1.87239 -0.00158671 -0.00501958
-1.86611 -0.00157424 -0.00498013
-1.85982 -0.00156943 -0.00496492
-1.85354 -0.00156943 -0.00496492
-1.84726 -0.00156943 -0.00496492
-1.84097 -0.00156943 -0.00496492
-1.83469 -0.00156943 -0.00496492
-1.82841 -0.00156943 -0.00496492
-1.82212 -0.00155609 -0.00492274
-1.81584 -0.00153723 -0.00486306
-1.80956 -0.00151827 -0.00480307
-1.80327 -0.0014992 -0.00474276
-1.79699 -0.00148133 -0.00468622
-1.79071 -0.00148133 -0.00468622
-1.78442 -0.00148133 -0.00468622
-1.77814 -0.00148133 -0.00468622
-1.77186 -0.00148133 -0.00468622
-1.76558 -0.00148133 -0.00468622
-1.75929 -0.00148133 -0.00468622
-1.75301 -0.00147115 -0.00465402
-1.74673 -0.00144506 -0.00457148
-1.74044 -0.00141878 -0.00448835
-1.73416 -0.00139231 -0.0044046
-1.72788 -0.00136564 -0.00432022
-1.72159 -0.0013584 -0.00429734
-1.71531 -0.0013584 -0.00429734
-1.70903 -0.0013584 -0.00429734
-1.70274 -0.0013584 -0.00429734
-1.69646 -0.0013584 -0.00429734
-1.69018 -0.0013584 -0.00429734
-1.68389 -0.0013584 -0.00429734
-1.67761 -0.00133417 -0.00422067
-1.67133 -0.0012997 -0.00411162
-1.66504 -0.00126495 -0.00400171
-1.65876 -0.00122994 -0.00389095
-1.65248 -0.00119909 -0.00379335
-1.64619 -0.00119909 -0.00379335
-1.63991 -0.00119909 -0.00379335
-1.63363 -0.00119909 -0.00379335
-1.62734 -0.00119909 -0.00379335
-1.62106 -0.00119909 -0.00379335
-1.61478 -0.00119909 -0.00379335
-1.6085 -0.00119909 -0.00379335
-1.60221 -0.0011759 -0.00371999
-1.59593 -0.00113255 -0.00358283
-1.58965 -0.00108889 -0.00344473
-1.58336 -0.00104494 -0.0033057
-1.57708 -0.00100328 -0.0031739
-1.5708 -0.00100328 -0.0031739
-1.56451 -0.00100328 -0.0031739
-1.55823 -0.00100328 -0.0031739
-1.55195 -0.00100328 -0.0031739
-1.54566 -0.00100328 -0.0031739
-1.53938 -0.00100328 -0.0031739
-1.5331 -0.00100328 -0.0031739
-1.52681 -0.000989739 -0.00313106
-1.52053 -0.000937821 -0.00296681
-1.51425 -0.000885626 -0.0028017
-1.50796 -0.000833164 -0.00263573
-1.50168 -0.000780439 -0.00246894
-1.4954 -0.00077195 -0.00244208
-1.48911 -0.00077195 -0.00244208
-1.48283 -0.00077195 -0.00244208
-1.47655 -0.00077195 -0.00244208
-1.47027 -0.00077195 -0.00244208
-1.46398 -0.00077195 -0.00244208
-1.4577 -0.00077195 -0.00244208
-1.45142 -0.00077195 -0.00244208
-1.44513 -0.000750674 -0.00237477
-1.43885 -0.000691103 -0.00218632
-1.43257 -0.000631294 -0.00199711
-1.42628 -0.00057125 -0.00180716
-1.42 -0.000510974 -0.00161648
-1.41372 -0.000506747 -0.00160311
-1.40743 -0.000506747 -0.00160311
-1.40115 -0.000506747 -0.00160311
-1.39487 -0.000506747 -0.00160311
-1.38858 -0.000506747 -0.00160311
-1.3823 -0.000506747 -0.00160311
-1.37602 -0.000506747 -0.00160311
-1.36973 -0.000506747 -0.00160311
-1.36345 -0.000503297 -0.00159219
-1.35717 -0.000437309 -0.00138343
-1.35088 -0.000371066 -0.00117387
-1.3446 -0.000304567 -0.000963503
-1.33832 -0.000237808 -0.00075231
-1.33204 -0.000217287 -0.000687392
-1.32575 -0.000217287 -0.000687392
-1.31947 -0.000217287 -0.000687392
-1.31319 -0.000217287 -0.000687392
-1.3069 -0.000217287 -0.000687392
-1.30062 -0.000217287 -0.000687392
-1.29434 -0.000217287 -0.000687392
-1.28805 -0.000217287 -0.000687392
-1.28177 -0.000217287 -0.000687392
-1.27549 -0.000217287 -0.000687392
-1.2692 -0.000217287 -0.000687392
-1.26292 -0.000217287 -0.000687392
-1.25664 -0.000217287 -0.000687392
-1.25035 -0.000217287 -0.000687392
-1.24407 -0.000217287 -0.000687392
-1.23779 -0.000217287 -0.000687392
-1.2315 -0.000217287 -0.000687392
-1.22522 -0.000217287 -0.000687392
-1.21894 -0.000217287 -0.000687392
-1.21265 9.62039e-05 0.000304343
-1.20637 9.62039e-05 0.000304343
-1.20009 9.62039e-05 0.000304343
-1.19381 9.62039e-05 0.000304343
-1.18752 9.62039e-05 0.000304343
-1.18124 9.62039e-05 0.000304343
-1.17496 9.62039e-05 0.000304343
-1.16867 9.62039e-05 0.000304343
-1.16239 9.62039e-05 0.000304343
-1.15611 9.62039e-05 0.000304343
-1.14982 9.62039e-05 0.000304343
-1.14354 9.62039e-05 0.000304343
-1.13726 9.62039e-05 0.000304343
-1.13097 0.000429619 0.00135911
-1.12469 0.000429619 0.00135911
-1.11841 0.000429619 0.00135911
-1.11212 0.000429619 0.00135911
-1.10584 0.000429619 0.00135911
-1.09956 0.000429619 0.00135911
-1.09327 0.000429619 0.00135911
-1.08699 0.000429619 0.00135911
-1.08071 0.000429619 0.00135911
-1.07442 0.000429619 0.00135911
-1.06814 0.000429619 0.00135911
-1.06186 0.000429619 0.00135911
-1.05558 0.000429619 0.00135911
-1.04929 0.000429619 0.00135911
-1.04301 0.000429619 0.00135911
-1.03673 0.000429619 0.00135911
-1.03044 0.000429619 0.00135911
-1.02416 0.000769403 0.00243402
-1.01788 0.000769403 0.00243402
-1.01159 0.000769403 0.00243402
-1.00531 0.000769403 0.00243402
-0.999026 0.000769403 0.00243402
-0.992743 0.000769403 0.00243402
-0.98646 0.000769403 0.00243402
-0.980177 0.000769403 0.00243402
-0.973894 0.000769403 0.00243402
-0.967611 0.000769403 0.00243402
-0.961327 0.000769403 0.00243402
-0.955044 0.000769403 0.00243402
-0.948761 0.000769403 0.00243402
-0.942478 0.0011112 0.00351529
-0.936195 0.0011112 0.00351529
-0.929911 0.0011112 0.00351529
-0.923628 0.0011112 0.00351529
-0.917345 0.0011112 0.00351529
-0.911062 0.0011112 0.00351529
-0.904779 0.0011112 0.00351529
-0.898495 0.0011112 0.00351529
-0.892212 0.0011112 0.00351529
-0.885929 0.0011112 0.00351529
-0.879646 0.0011112 0.00351529
-0.873363 0.0011112 0.00351529
-0.86708 0.0011112 0.00351529
-0.860796 0.0011112 0.00351529
-0.854513 0.0011112 0.00351529
-0.84823 0.0011112 0.00351529
-0.841947 0.00144646 0.00457591
-0.835664 0.00144646 0.00457591
-0.82938 0.00144646 0.00457591
-0.823097 0.00144646 0.00457591
-0.816814 0.00144646 0.00457591
-0.810531 0.00144646 0.00457591
-0.804248 0.00144646 0.00457591
-0.797965 0.00144646 0.00457591
-0.791681 0.00144646 0.00457591
-0.785398 0.00144646 0.00457591
-0.779115 0.00144646 0.00457591
-0.772832 0.00177426 0.00561291
-0.766549 0.00187216 0.00592262
-0.760265 0.00197041 0.00623343
-0.753982 0.00206901 0.00654534
-0.747699 0.00207272 0.0065571
-0.741416 0.00207272 0.0065571
-0.735133 0.00207272 0.0065571
-0.728849 0.00207272 0.0065571
-0.722566 0.00207272 0.0065571
-0.716283 0.00207272 0.0065571
-0.71 0.00207272 0.0065571
-0.703717 0.00207272 0.0065571
-0.697434 0.00207272 0.0065571
-0.69115 0.00207272 0.0065571
-0.684867 0.00207272 0.0065571
-0.678584 0.00207272 0.0065571
-0.672301 0.00207272 0.0065571
-0.666018 0.00207272 0.0065571
-0.659734 0.00207272 0.0065571
-0.653451 0.00207272 0.0065571
-0.647168 0.00207272 0.0065571
-0.640885 0.00207272 0.0065571
-0.634602 0.00207272 0.0065571
-0.628319 0.00207272 0.0065571
-0.622035 0.00207272 0.0065571
-0.615752 0.00235352 0.00744541
-0.609469 0.00235352 0.00744541
-0.603186 0.00235352 0.00744541
-0.596903 0.00235352 0.00744541
-0.590619 0.00235352 0.00744541
-0.584336 0.00235352 0.00744541
-0.578053 0.00235352 0.00744541
-0.57177 0.00235352 0.00744541
-0.565487 0.00235352 0.00744541
-0.559203 0.00235352 0.00744541
-0.55292 0.00235352 0.00744541
-0.546637 0.00235352 0.00744541
-0.540354 0.00260831 0.00825146
-0.534071 0.00260831 0.00825146
-0.527788 0.00260831 0.00825146
-0.521504 0.00260831 0.00825146
-0.515221 0.00260831 0.00825146
-0.508938 0.00260831 0.00825146
-0.502655 0.00260831 0.00825146
-0.496372 0.00260831 0.00825146
-0.490088 0.00260831 0.00825146
-0.483805 0.00283542 0.0089699
-0.477522 0.00283542 0.0089699
-0.471239 0.00283542 0.0089699
-0.464956 0.00283542 0.0089699
-0.458673 0.00283542 0.0089699
-0.452389 0.00283542 0.0089699
-0.446106 0.00283542 0.0089699
-0.439823 0.00303426 0.00959895
-0.43354 0.00303426 0.00959895
-0.427257 0.00303426 0.00959895
-0.420973 0.00303426 0.00959895
-0.41469 0.00303426 0.00959895
-0.408407 0.00303426 0.00959895
-0.402124 0.00303426 0.00959895
-0.395841 0.0032052 0.0101397
-0.389557 0.0032052 0.0101397
-0.383274 0.0032052 0.0101397
-0.376991 0.0032052 0.0101397
-0.370708 0.0032052 0.0101397
-0.364425 0.0032052 0.0101397
-0.358142 0.00322317 0.0101966
-0.351858 0.00328958 0.0104067
-0.345575 0.00334925 0.0105954
-0.339292 0.00334925 0.0105954
-0.333009 0.00334925 0.0105954
-0.326726 0.00334925 0.0105954
-0.320442 0.00334925 0.0105954
-0.314159 0.00334925 0.0105954
-0.307876 0.00334925 0.0105954
-0.301593 0.00334925 0.0105954
-0.29531 0.00334925 0.0105954
-0.289027 0.00334925 0.0105954
-0.282743 0.00334925 0.0105954
-0.27646 0.00334925 0.0105954
-0.270177 0.00334925 0.0105954
-0.263894 0.00334925 0.0105954
-0.257611 0.00334925 0.0105954
-0.251327 0.00334925 0.0105954
-0.245044 0.00346776 0.0109703
-0.238761 0.00351298 0.0111134
-0.232478 0.00356043 0.0112635
-0.226195 0.00356227 0.0112693
-0.219911 0.00356227 0.0112693
-0.213628 0.00356227 0.0112693
-0.207345 0.00356227 0.0112693
-0.201062 0.00356227 0.0112693
-0.194779 0.00356227 0.0112693
-0.188496 0.00357473 0.0113087
-0.182212 0.00361189 0.0114263
-0.175929 0.0036343 0.0114972
-0.169646 0.0036343 0.0114972
-0.163363 0.0036343 0.0114972
-0.15708 0.0036343 0.0114972
-0.150796 0.0036343 0.0114972
-0.144513 0.0036343 0.0114972
-0.13823 0.0036343 0.0114972
-0.131947 0.00365297 0.0115562
-0.125664 0.00367972 0.0116409
-0.119381 0.00368508 0.0116578
-0.113097 0.00368508 0.0116578
-0.106814 0.00368508 0.0116578
-0.100531 0.00368508 0.0116578
-0.0942478 0.00368508 0.0116578
-0.0879646 0.00368508 0.0116578
-0.0816814 0.00369252 0.0116814
-0.0753982 0.00370893 0.0117333
-0.069115 0.00371596 0.0117555
-0.0628319 0.00371596 0.0117555
-0.0565487 0.00371596 0.0117555
-0.0502655 0.00371596 0.0117555
-0.0439823 0.00371596 0.0117555
-0.0376991 0.00371596 0.0117555
-0.0314159 0.00371596 0.0117555
-0.0251327 0.00372259 0.0117765
-0.0188496 0.00372896 0.0117966
-0.0125664 0.00372896 0.0117966
-0.00628319 0.00372896 0.0117966
0 0.00372896 0.0117966
0.00628319 0.00372896 0.0117966
0.0125664 0.00372896 0.0117966
0.0188496 0.00372896 0.0117966
0.0251327 0.00372258 0.0117765
0.0314159 0.00371594 0.0117555
0.0376991 0.00371594 0.0117555
0.0439823 0.00371594 0.0117555
0.0502655 0.00371594 0.0117555
0.0565487 0.00371594 0.0117555
0.0628319 0.00371594 0.0117555
0.069115 0.00371594 0.0117555
0.0753982 0.00370891 0.0117332
0.0816814 0.00369251 0.0116813
0.0879646 0.00368506 0.0116578
0.0942478 0.00368506 0.0116578
0.100531 0.00368506 0.0116578
0.106814 0.00368506 0.0116578
0.113097 0.00368506 0.0116578
0.119381 0.00368506 0.0116578
0.125664 0.00367971 0.0116408
0.131947 0.00365296 0.0115562
0.13823 0.0036343 0.0114972
0.144513 0.0036343 0.0114972
0.150796 0.0036343 0.0114972
0.15708 0.0036343 0.0114972
0.163363 0.0036343 0.0114972
0.169646 0.0036343 0.0114972
0.175929 0.0036343 0.0114972
0.182212 0.0036119 0.0114263
0.188496 0.00357475 0.0113088
0.194779 0.0035623 0.0112694
0.201062 0.0035623 0.0112694
0.207345 0.0035623 0.0112694
0.213628 0.0035623 0.0112694
0.219911 0.0035623 0.0112694
0.226195 0.0035623 0.0112694
0.232478 0.00356047 0.0112636
0.238761 0.00351303 0.0111136
0.245044 0.00346782 0.0109705
0.251327 0.00346782 0.0109705
0.257611 0.00334936 0.0105958
0.263894 0.00334936 0.0105958
0.270177 0.00334936 0.0105958
0.27646 0.00334936 0.0105958
0.282743 0.00320538 0.0101403
0.289027 0.00320538 0.0101403
0.29531 0.00320538 0.0101403
0.301593 0.00320538 0.0101403
0.307876 0.00320538 0.0101403
0.314159 0.00320538 0.0101403
0.320442 0.00320538 0.0101403
0.326726 0.00320538 0.0101403
0.333009 0.00320538 0.0101403
0.339292 0.00320538 0.0101403
0.345575 0.00320538 0.0101403
0.351858 0.00320538 0.0101403
0.358142 0.00320538 0.0101403
0.364425 0.00320538 0.0101403
0.370708 0.00320538 0.0101403
0.376991 0.00320538 0.0101403
0.383274 0.00320538 0.0101403
0.389557 0.00320538 0.0101403
0.395841 0.00320538 0.0101403
0.402124 0.00303451 0.00959973
0.408407 0.00303451 0.00959973
0.41469 0.00303451 0.00959973
0.420973 0.00303451 0.00959973
0.427257 0.00303451 0.00959973
0.43354 0.00303451 0.00959973
0.439823 0.00303451 0.00959973
0.446106 0.00283572 0.00897087
0.452389 0.00283572 0.00897087
0.458673 0.00283572 0.00897087
0.464956 0.00283572 0.00897087
0.471239 0.00283572 0.00897087
0.477522 0.00283572 0.00897087
0.483805 0.00260867 0.00825259
0.490088 0.00260867 0.00825259
0.496372 0.00260867 0.00825259
0.502655 0.00260867 0.00825259
0.508938 0.00260867 0.00825259
0.515221 0.00260867 0.00825259
0.521504 0.00260867 0.00825259
0.527788 0.00260867 0.00825259
0.534071 0.00260867 0.00825259
0.540354 0.00260867 0.00825259
0.546637 0.00260867 0.00825259
0.55292 0.00235391 0.00744663
0.559203 0.00235391 0.00744663
0.565487 0.00235391 0.00744663
0.57177 0.00235391 0.00744663
0.578053 0.00235391 0.00744663
0.584336 0.00235391 0.00744663
0.590619 0.00235391 0.00744663
0.596903 0.00235391 0.00744663
0.603186 0.00235391 0.00744663
0.609469 0.00235391 0.00744663
0.615752 0.00235391 0.00744663
0.622035 0.00235391 0.00744663
0.628319 0.00235391 0.00744663
0.634602 0.00235391 0.00744663
0.640885 0.00235391 0.00744663
0.647168 0.00235391 0.00744663
0.653451 0.00235391 0.00744663
0.659734 0.00235391 0.00744663
0.666018 0.00235391 0.00744663
0.672301 0.00235391 0.00744663
0.678584 0.00235391 0.00744663
0.684867 0.00226029 0.00715049
0.69115 0.00216459 0.00684772
0.697434 0.00207308 0.00655823
0.703717 0.00207308 0.00655823
0.71 0.00207308 0.00655823
0.716283 0.00207308 0.00655823
0.722566 0.00207308 0.00655823
0.728849 0.00207308 0.00655823
0.735133 0.00207308 0.00655823
0.741416 0.00207308 0.00655823
0.747699 0.00207308 0.00655823
0.753982 0.00206936 0.00654647
0.760265 0.00197076 0.00623453
0.766549 0.0018725 0.00592369
0.772832 0.00177459 0.00561396
0.779115 0.00144678 0.00457691
0.785398 0.00144678 0.00457691
0.791681 0.00144678 0.00457691
0.797965 0.00144678 0.00457691
0.804248 0.00144678 0.00457691
0.810531 0.00144678 0.00457691
0.816814 0.00144678 0.00457691
0.823097 0.00144678 0.00457691
0.82938 0.00144678 0.00457691
0.835664 0.00144678 0.00457691
0.841947 0.00111146 0.00351614
0.84823 0.00111146 0.00351614
0.854513 0.00111146 0.00351614
0.860796 0.00111146 0.00351614
0.86708 0.00111146 0.00351614
0.873363 0.00111146 0.00351614
0.879646 0.00111146 0.00351614
0.885929 0.00111146 0.00351614
0.892212 0.00111146 0.00351614
0.898495 0.00111146 0.00351614
0.904779 0.00111146 0.00351614
0.911062 0.00111146 0.00351614
0.917345 0.00111146 0.00351614
0.923628 0.00111146 0.00351614
0.929911 0.00111146 0.00351614
0.936195 0.00111146 0.00351614
0.942478 0.00111146 0.00351614
0.948761 0.00111146 0.00351614
0.955044 0.000769616 0.0024347
0.961327 0.000769616 0.0024347
0.967611 0.000769616 0.0024347
0.973894 0.000769616 0.0024347
0.980177 0.000769616 0.0024347
0.98646 0.000769616 0.0024347
0.992743 0.000769616 0.0024347
0.999026 0.000769616 0.0024347
1.00531 0.000769616 0.0024347
1.01159 0.000769616 0.0024347
1.01788 0.000769616 0.0024347
1.02416 0.000769616 0.0024347
1.03044 0.000429764 0.00135957
1.03673 0.000429764 0.00135957
1.04301 0.000429764 0.00135957
1.04929 0.000429764 0.00135957
1.05558 0.000429764 0.00135957
1.06186 0.000429764 0.00135957
1.06814 0.000429764 0.00135957
1.07442 0.000429764 0.00135957
1.08071 0.000429764 0.00135957
1.08699 0.000429764 0.00135957
1.09327 0.000429764 0.00135957
1.09956 0.000429764 0.00135957
1.10584 0.000429764 0.00135957
1.11212 0.000429764 0.00135957
1.11841 0.000429764 0.00135957
1.12469 0.000429764 0.00135957
1.13097 0.000429764 0.00135957
1.13726 0.000429764 0.00135957
1.14354 0.000429764 0.00135957
1.14982 0.000429764 0.00135957
1.15611 9.62692e-05 0.00030455
1.16239 9.62692e-05 0.00030455
1.16867 9.62692e-05 0.00030455
1.17496 9.62692e-05 0.00030455
1.18124 9.62692e-05 0.00030455
1.18752 9.62692e-05 0.00030455
1.19381 9.62692e-05 0.00030455
1.20009 9.62692e-05 0.00030455
1.20637 9.62692e-05 0.00030455
1.21265 9.62692e-05 0.00030455
1.21894 9.62692e-05 0.00030455
1.22522 9.62692e-05 0.00030455
1.2315 9.62692e-05 0.00030455
1.23779 -0.000217288 -0.000687397
1.24407 -0.000217288 -0.000687397
1.25035 -0.000217288 -0.000687397
1.25664 -0.000217288 -0.000687397
1.26292 -0.000217288 -0.000687397
1.2692 -0.000217288 -0.000687397
1.27549 -0.000217288 -0.000687397
1.28177 -0.000217288 -0.000687397
1.28805 -0.000217288 -0.000687397
1.29434 -0.000217288 -0.000687397
1.30062 -0.000217288 -0.000687397
1.3069 -0.000506774 -0.00160319
1.31319 -0.000506774 -0.00160319
1.31947 -0.000506774 -0.00160319
1.32575 -0.000506774 -0.00160319
1.33204 -0.000506774 -0.00160319
1.33832 -0.000506774 -0.00160319
1.3446 -0.000506774 -0.00160319
1.35088 -0.000506774 -0.00160319
1.35717 -0.000506774 -0.00160319
1.36345 -0.000506774 -0.00160319
1.36973 -0.000506774 -0.00160319
1.37602 -0.000506774 -0.00160319
1.3823 -0.000506774 -0.00160319
1.38858 -0.000506774 -0.00160319
1.39487 -0.000506774 -0.00160319
1.40115 -0.000506774 -0.00160319
1.40743 -0.000506774 -0.00160319
1.41372 -0.000506774 -0.00160319
1.42 -0.000511003 -0.00161657
1.42628 -0.000571279 -0.00180725
1.43257 -0.000631323 -0.0019972
1.43885 -0.000691133 -0.00218641
1.44513 -0.000750704 -0.00237487
1.45142 -0.000771979 -0.00244217
1.4577 -0.000771979 -0.00244217
1.46398 -0.000771979 -0.00244217
1.47027 -0.000771979 -0.00244217
1.47655 -0.000771979 -0.00244217
1.48283 -0.000771979 -0.00244217
1.48911 -0.000771979 -0.00244217
1.4954 -0.000771979 -0.00244217
1.50168 -0.00078047 -0.00246903
1.50796 -0.000833189 -0.00263581
1.51425 -0.000885647 -0.00280176
1.52053 -0.000937836 -0.00296686
1.52681 -0.00100329 -0.00317392
1.5331 -0.00100329 -0.00317392
1.53938 -0.00100329 -0.00317392
1.54566 -0.00100329 -0.00317392
1.55195 -0.00100329 -0.00317392
1.55823 -0.00100329 -0.00317392
1.56451 -0.00100329 -0.00317392
1.5708 -0.00100329 -0.00317392
1.57708 -0.00100329 -0.00317392
1.58336 -0.00104494 -0.0033057
1.58965 -0.00108888 -0.0034447
1.59593 -0.00113253 -0.00358277
1.60221 -0.00117587 -0.0037199
1.6085 -0.00119906 -0.00379324
1.61478 -0.00119906 -0.00379324
1.62106 -0.00119906 -0.00379324
1.62734 -0.00119906 -0.00379324
1.63363 -0.00119906 -0.00379324
1.63991 -0.00119906 -0.00379324
1.64619 -0.00119906 -0.00379324
1.65248 -0.00119906 -0.00379324
1.65876 -0.0012299 -0.00389083
1.66504 -0.00126491 -0.00400156
1.67133 -0.00129964 -0.00411144
1.67761 -0.0013341 -0.00422047
1.68389 -0.00135834 -0.00429712
1.69018 -0.00135834 -0.00429712
1.69646 -0.00135834 -0.00429712
1.70274 -0.00135834 -0.00429712
1.70903 -0.00135834 -0.00429712
1.71531 -0.00135834 -0.00429712
1.72159 -0.00135834 -0.00429712
1.72788 -0.00136557 -0.00432
1.73416 -0.00139223 -0.00440435
1.74044 -0.0014187 -0.00448808
1.74673 -0.00144497 -0.0045712
1.75301 -0.00147105 -0.00465371
1.75929 -0.00148123 -0.0046859
1.76558 -0.00148123 -0.0046859
1.77186 -0.00148123 -0.0046859
1.77814 -0.00148123 -0.0046859
1.78442 -0.00148123 -0.0046859
1.79071 -0.00148123 -0.0046859
1.79699 -0.00148123 -0.0046859
1.80327 -0.00149909 -0.00474241
1.80956 -0.00151815 -0.00480269
1.81584 -0.0015371 -0.00486265
1.82212 -0.00155596 -0.0049223
1.82841 -0.00156929 -0.00496447
1.83469 -0.00156929 -0.00496447
1.84097 -0.00156929 -0.00496447
1.84726 -0.00156929 -0.00496447
1.85354 -0.00156929 -0.00496447
1.85982 -0.00156929 -0.00496447
1.86611 -0.00157409 -0.00497967
1.87239 -0.00158655 -0.00501909
1.87867 -0.00159898 -0.0050584
1.88496 -0.00161137 -0.00509761
1.89124 -0.00162374 -0.00513674
1.89752 -0.00162483 -0.00514017
1.90381 -0.00162483 -0.00514017
1.91009 -0.00162483 -0.00514017
1.91637 -0.00162483 -0.00514017
1.92265 -0.00162483 -0.00514017
1.92894 -0.00162897 -0.00515328
1.93522 -0.00163518 -0.00517291
1.9415 -0.00164138 -0.00519253
1.94779 -0.00164758 -0.00521215
1.95407 -0.00165083 -0.00522243
1.96035 -0.00165083 -0.00522243
1.96664 -0.00165083 -0.00522243
1.97292 -0.00165083 -0.00522243
1.9792 -0.00165083 -0.00522242
1.98549 -0.00165077 -0.00522223
1.99177 -0.00165071 -0.00522204
1.99805 -0.00165065 -0.00522185
2.00434 -0.0016506 -0.00522169
2.01062 -0.0016506 -0.00522169
2.0169 -0.0016506 -0.00522169
2.02319 -0.0016506 -0.00522169
2.02947 -0.0016487 -0.0052157
2.03575 -0.00164228 -0.00519538
2.04204 -0.00163585 -0.00517506
2.04832 -0.00162942 -0.00515472
2.0546 -0.00162757 -0.00514884
2.06088 -0.00162757 -0.00514884
2.06717 -0.00162757 -0.00514884
2.07345 -0.00162239 -0.00513247
2.07973 -0.00160965 -0.00509215
2.08602 -0.0015969 -0.00505183
2.0923 -0.00158511 -0.00501453
2.09858 -0.00158511 -0.00501453
2.10487 -0.00158511 -0.00501453
2.11115 -0.00158187 -0.00500429
2.11743 -0.00156304 -0.00494471
2.12372 -0.00154423 -0.0048852
2.13 -0.00152638 -0.00482875
2.13628 -0.00152638 -0.00482875
2.14257 -0.00152638 -0.00482875
2.14885 -0.0015142 -0.00479022
2.15513 -0.00148972 -0.00471276
2.16142 -0.00146529 -0.00463549
2.1677 -0.00145425 -0.00460056
2.17398 -0.00145425 -0.00460056
2.18027 -0.00145425 -0.00460056
2.18655 -0.00141676 -0.00448196
2.19283 -0.00138724 -0.00438856
2.19911 -0.00137125 -0.00433796
2.2054 -0.00137125 -0.00433796
2.21168 -0.00135723 -0.00429362
2.21796 -0.00132307 -0.00418556
2.22425 -0.00127951 -0.00404775
2.23053 -0.00127951 -0.00404775
2.23681 -0.00127951 -0.00404775
2.2431 -0.00124648 -0.00394325
2.24938 -0.00120843 -0.00382288
2.25566 -0.00118082 -0.00373554
2.26195 -0.00118082 -0.00373554
2.26823 -0.000249343 -0.000788801
2.27451 -0.000249343 -0.000788801
2.2808 -0.000249343 -0.000788801
2.28708 -0.000249343 -0.000788801
2.29336 -0.000249343 -0.000788801
2.29965 -0.000249343 -0.000788801
2.30593 -0.000249343 -0.000788801
2.31221 -0.000249343 -0.000788801
2.3185 -0.000249343 -0.000788801
2.32478 -0.000249343 -0.000788801
2.33106 -0.000249343 -0.000788801
2.33734 -0.000249343 -0.000788801
2.34363 -0.000249343 -0.000788801
2.34991 -0.000249343 -0.000788801
2.35619 -0.000249343 -0.000788801
2.36248 -0.000249343 -0.000788801
2.36876 -0.000249343 -0.000788801
2.37504 -0.000249343 -0.000788801
2.38133 -0.000249343 -0.000788801
2.38761 -0.000249343 -0.000788801
2.39389 -0.000249343 -0.000788801
2.40018 -0.000249343 -0.000788801
2.40646 -0.000249343 -0.000788801
2.41274 -0.000249343 -0.000788801
2.41903 -0.000249343 -0.000788801
2.42531 -0.000249343 -0.000788801
2.43159 -0.000249343 -0.000788801
2.43788 -0.000249343 -0.000788801
2.44416 -0.000204569 -0.000647158
2.45044 -0.0001443 -0.000456495
2.45673 -0.000120344 -0.000380711
2.46301 -6.92473e-05 -0.000219065
2.46929 -7.00544e-06 -2.21619e-05
2.47558 1.09739e-05 3.47161e-05
2.48186 7.47586e-05 0.0002365
2.48814 0.000138905 0.000439428
2.49442 0.000161603 0.000511234
2.50071 0.000227073 0.00071835
2.50699 0.000276528 0.000874804
2.51327 0.000320336 0.00101339
2.51956 0.000409482 0.00129541
2.52584 0.000418509 0.00132396
2.53212 0.000486119 0.00153785
2.53841 0.000540933 0.00171125
2.54469 0.000589286 0.00186422
2.55097 0.000669547 0.00211813
2.55726 0.00069597 0.00220172
2.56354 0.000764063 0.00241713
2.56982 0.00080556 0.0025484
2.57611 0.000872687 0.00276076
2.58239 0.000916324 0.00289881
2.58867 0.000981846 0.00310609
2.59496 0.00102723 0.00324967
2.60124 0.00109046 0.00344971
2.60752 0.00113558 0.00359243
2.61381 0.00119584 0.00378307
2.62009 0.00122269 0.00386801
2.62637 0.00129669 0.0041021
2.63265 0.0013375 0.0042312
2.63894 0.00138212 0.00437237
2.64522 0.00142648 0.0045127
2.6515 0.00146233 0.0046261
2.65779 0.00149979 0.00474462
2.66407 0.00153241 0.00484782
2.67035 0.00155849 0.00493031
2.67664 0.00158164 0.00500356
2.68292 0.00160063 0.00506363
2.6892 0.00161508 0.00510933
2.69549 0.00162213 0.00513163
2.70177 0.00162357 0.00513621
2.70805 0.00161893 0.00512151
2.71434 0.00160774 0.00508611
2.72062 0.00158957 0.00502865
2.7269 0.00156424 0.00494851
2.73319 0.00153343 0.00485102
2.73947 0.00149226 0.0047208
2.74575 0.00144338 0.00456616
2.75204 0.00138679 0.00438713
2.75832 0.00132507 0.00419187
2.7646 0.001252 0.00396072
2.77088 0.00117218 0.00370821
2.77717 0.00108684 0.00343825
2.78345 0.000970839 0.00307127
2.78973 0.000892871 0.00282461
2.79602 0.000782866 0.00247661
2.8023 0.000666762 0.00210931
2.80858 0.000550272 0.0017408
2.81487 0.000423241 0.00133893
2.82115 0.000291654 0.000922654
2.82743 0.000161496 0.000510895
2.83372 2.32806e-05 7.36485e-05
2.84 -0.000112369 -0.000355481
2.84628 -0.000254278 -0.000804413
2.85257 -0.000266514 -0.000843121
2.85885 -0.000529284 -0.0016744
2.86513 -0.00066876 -0.00211564
2.87142 -0.000801688 -0.00253616
2.8777 -0.000930843 -0.00294474
2.88398 -0.00105495 -0.00333737
2.89027 -0.00117275 -0.00371002
2.89655 -0.001283 -0.00405879
2.90283 -0.00138451 -0.00437994
2.90911 -0.0014762 -0.00466998
2.9154 -0.00155784 -0.00492825
2.92168 -0.00162565 -0.00514277
2.92796 -0.00167998 -0.00531467
2.93425 -0.00172001 -0.00544128
2.94053 -0.00174458 -0.00551902
2.94681 -0.0017516 -0.00554123
2.9531 -0.00174032 -0.00550555
2.95938 -0.00171009 -0.00540992
2.96566 -0.00165979 -0.0052508
2.97195 -0.00158842 -0.00502499
2.97823 -0.00149591 -0.00473234
2.98451 -0.0013795 -0.00436407
2.9908 -0.00123999 -0.00392272
2.99708 -0.00107725 -0.00340791
3.00336 -0.000896157 -0.00283501
3.00965 -0.000687333 -0.00217439
3.01593 -0.000463596 -0.0014666
3.02221 -0.000214165 -0.000677516
3.0285 4.04951e-05 0.000128107
3.03478 0.00031051 0.000982306
3.04106 0.000581187 0.0018386
3.04734 0.000821654 0.00259932
3.05363 -0.000121026 -0.000382869
3.05991 -2.84257e-05 -8.99252e-05
3.06619 -6.4558e-07 -2.0423e-06
3.07248 7.87089e-09 2.48966e-08
3.07876 5.98597e-10 1.90403e-09
3.08504 7.11472e-11 2.24965e-10
3.09133 4.00469e-12 -3.54124e-12
3.09761 1.2889e-12 -1.67937e-12
3.10389 1.2843e-12 4.0284e-12
3.11018 1.09855e-13 -1.62115e-12
3.11646 1.67529e-12 3.20884e-13
3.12274 8.37028e-13 2.77827e-12
3.12903 -1.80001e-12 5.33962e-13
3.13531 -3.11045e-12 2.51265e-13
