0 1 0
0.00628319 0.999581 2.40171e-16
0.0125664 0.999162 4.80357e-16
0.0188496 0.998742 7.2055e-16
0.0251327 0.998323 9.60739e-16
0.0314159 0.997904 1.20092e-15
0.0376991 0.997103 1.02686e-15
0.0439823 0.996127 6.61597e-16
0.0502655 0.99515 2.96324e-16
0.0565487 0.994173 -6.89489e-17
0.0628319 0.993196 -4.34207e-16
0.069115 0.991997 -5.67106e-16
0.0753982 0.990411 -2.95776e-16
0.0816814 0.988825 -2.44323e-17
0.0879646 0.987239 2.46914e-16
0.0942478 0.985653 5.18254e-16
0.100531 0.984039 7.41811e-16
0.106814 0.981842 -3.04158e-17
0.113097 0.979646 -8.02692e-16
0.119381 0.977449 -1.57499e-15
0.125664 0.975253 -2.34727e-15
0.131947 0.973056 -3.11951e-15
0.13823 0.970422 -3.55812e-15
0.144513 0.967622 -3.8712e-15
0.150796 0.964822 -4.18429e-15
0.15708 0.962022 -4.49739e-15
0.163363 0.959222 -4.81046e-15
0.169646 0.956182 -4.55395e-15
0.175929 0.95279 -3.46862e-15
0.182212 0.949398 -2.38325e-15
0.188496 0.946006 -1.29786e-15
0.194779 0.942614 -2.12508e-16
0.201062 0.939172 7.1188e-16
0.207345 0.935202 -2.90436e-17
0.213628 0.931233 -7.70013e-16
0.219911 0.927263 -1.511e-15
0.226195 0.923294 -2.25197e-15
0.232478 0.919325 -2.9929e-15
0.238761 0.914925 -2.83517e-15
0.245044 0.910395 -2.40729e-15
0.251327 0.905865 -1.9794e-15
0.257611 0.901335 -1.55151e-15
0.263894 0.896806 -1.12364e-15
0.270177 0.892034 -7.38024e-16
0.27646 0.886964 -4.04078e-16
0.282743 0.881894 -7.01159e-17
0.289027 0.876824 2.63849e-16
0.29531 0.871754 5.97804e-16
0.301593 0.866616 8.45983e-16
0.307876 0.861029 5.2248e-16
0.314159 0.855441 1.98958e-16
0.320442 0.849853 -1.24571e-16
0.326726 0.844265 -4.48094e-16
0.333009 0.838678 -7.71598e-16
0.339292 0.83269 -9.76578e-16
0.345575 0.826609 -1.15399e-15
0.351858 0.820528 -1.33141e-15
0.358142 0.814447 -1.50883e-15
0.364425 0.808366 -1.68624e-15
0.370708 0.802057 -1.89957e-15
0.376991 0.79551 -2.15004e-15
0.383274 0.788963 -2.40051e-15
0.389557 0.782416 -2.65098e-15
0.395841 0.775869 -2.90145e-15
0.402124 0.769247 -3.15189e-15
0.408407 0.762264 -3.40235e-15
0.41469 0.75528 -3.65282e-15
0.420973 0.748297 -3.90329e-15
0.427257 0.741313 -4.15376e-15
0.43354 0.73433 -4.40422e-15
0.439823 0.727 -3.97327e-15
0.446106 0.719611 -3.42537e-15
0.452389 0.712221 -2.87746e-15
0.458673 0.704832 -2.32956e-15
0.464956 0.697443 -1.78167e-15
0.471239 0.689855 -1.68547e-15
0.477522 0.682093 -1.98289e-15
0.483805 0.67433 -2.28033e-15
0.490088 0.666568 -2.57776e-15
0.496372 0.658806 -2.87519e-15
0.502655 0.650972 -2.91783e-15
0.508938 0.642872 -2.0308e-15
0.515221 0.634772 -1.14372e-15
0.521504 0.626671 -2.56623e-16
0.527788 0.618571 6.30454e-16
0.534071 0.610471 1.51748e-15
0.540354 0.602101 7.17e-16
0.546637 0.593699 -2.79647e-16
0.55292 0.585297 -1.27632e-15
0.559203 0.576894 -2.27299e-15
0.565487 0.568492 -3.26961e-15
0.57177 0.559938 -3.10778e-15
0.578053 0.551272 -2.0955e-15
0.584336 0.542605 -1.08317e-15
0.590619 0.533938 -7.08426e-17
0.596903 0.525272 9.4145e-16
0.603186 0.516548 1.60981e-15
0.609469 0.507656 1.2863e-15
0.615752 0.498763 9.62781e-16
0.622035 0.48987 6.39252e-16
0.628319 0.480978 3.15731e-16
0.634602 0.472086 -7.77022e-18
0.640885 0.463019 -1.79649e-17
0.647168 0.453941 -7.52874e-18
0.653451 0.444862 2.90767e-18
0.659734 0.435783 1.3344e-17
0.666018 0.426705 2.37797e-17
0.672301 0.417537 2.27997e-16
0.678584 0.408313 5.51511e-16
0.684867 0.399089 8.75038e-16
0.69115 0.389865 1.19857e-15
0.697434 0.380641 1.52208e-15
0.703717 0.371386 1.43735e-15
0.71 0.362058 3.98993e-16
0.716283 0.352729 -6.39415e-16
0.722566 0.3434 -1.67784e-15
0.728849 0.334072 -2.71624e-15
0.735133 0.324744 -3.75457e-15
0.741416 0.315354 -3.19406e-15
0.747699 0.305963 -2.60181e-15
0.753982 0.296571 -2.00955e-15
0.760265 0.28718 -1.41729e-15
0.766549 0.277789 -8.25059e-16
0.772832 0.268384 -1.00407e-15
0.779115 0.258972 -1.57804e-15
0.785398 0.24956 -2.15204e-15
0.791681 0.240147 -2.72604e-15
0.797965 0.230735 -3.30002e-15
0.804248 0.221331 -3.4768e-15
0.810531 0.211941 -2.88979e-15
0.816814 0.20255 -2.30275e-15
0.823097 0.193158 -1.7157e-15
0.82938 0.183767 -1.12867e-15
0.835664 0.174378 -5.68426e-16
0.841947 0.165051 -1.1502e-15
0.84823 0.155723 -1.73202e-15
0.854513 0.146395 -2.31385e-15
0.860796 0.137067 -2.89567e-15
0.86708 0.12774 -3.47746e-15
0.873363 0.118486 -3.09225e-15
0.879646 0.109263 -2.29977e-15
0.885929 0.10004 -1.50726e-15
0.892212 0.0908164 -7.14745e-16
0.898495 0.0815935 7.77331e-17
0.904779 0.0724272 5.94981e-16
0.911062 0.0633503 6.71619e-16
0.917345 0.054273 7.4826e-16
0.923628 0.0451955 8.24903e-16
0.929911 0.0361184 9.01543e-16
0.936195 0.0270539 9.59058e-16
0.942478 0.0181637 7.42521e-16
0.948761 0.00927295 5.2597e-16
0.955044 0.000381959 3.09415e-16
0.961327 -0.00850889 9.28625e-17
0.967611 -0.0173992 -1.23678e-16
0.973894 -0.0261206 8.28424e-17
0.980177 -0.034785 4.33427e-16
0.98646 -0.0434498 7.84024e-16
0.992743 -0.0521146 1.13462e-15
0.999026 -0.060779 1.4852e-15
1.00531 -0.0693298 1.49354e-15
1.01159 -0.0777293 1.04219e-15
1.01788 -0.0861292 5.90819e-16
1.02416 -0.0945291 1.39444e-16
1.03044 -0.102929 -3.11917e-16
1.03673 -0.111295 -7.30138e-16
1.04301 -0.119392 -8.73627e-16
1.04929 -0.12749 -1.01712e-15
1.05558 -0.135587 -1.16063e-15
1.06186 -0.143685 -1.30412e-15
1.06814 -0.151782 -1.44761e-15
1.07442 -0.159612 -7.87984e-16
1.08071 -0.167371 8.73382e-17
1.08699 -0.17513 9.62691e-16
1.09327 -0.182889 1.83804e-15
1.09956 -0.190648 2.71335e-15
1.10584 -0.198231 3.23309e-15
1.11212 -0.205616 3.35049e-15
1.11841 -0.213002 3.4679e-15
1.12469 -0.220388 3.58531e-15
1.13097 -0.227774 3.70271e-15
1.13726 -0.235098 3.71258e-15
1.14354 -0.242078 3.11253e-15
1.14982 -0.249057 2.51245e-15
1.15611 -0.256037 1.91236e-15
1.16239 -0.263017 1.31227e-15
1.16867 -0.269996 7.12226e-16
1.17496 -0.276612 1.02453e-15
1.18124 -0.283154 1.52286e-15
1.18752 -0.289697 2.02119e-15
1.19381 -0.296239 2.51953e-15
1.20009 -0.302782 3.01784e-15
1.20637 -0.309085 3.37603e-15
1.21265 -0.31516 3.6004e-15
1.21894 -0.321236 3.82478e-15
1.22522 -0.327312 4.04916e-15
1.2315 -0.333388 4.27354e-15
1.23779 -0.339369 4.26973e-15
1.24407 -0.344951 3.30704e-15
1.25035 -0.350533 2.3443e-15
1.25664 -0.356115 1.38154e-15
1.26292 -0.361698 4.18803e-16
1.2692 -0.36728 -5.43878e-16
1.27549 -0.372409 -5.34037e-16
1.28177 -0.377472 -3.82714e-16
1.28805 -0.382536 -2.31386e-16
1.29434 -0.3876 -8.00598e-17
1.30062 -0.392664 7.12596e-17
1.3069 -0.397427 2.19681e-16
1.31319 -0.40195 3.65784e-16
1.31947 -0.406472 5.11892e-16
1.32575 -0.410995 6.58002e-16
1.33204 -0.415518 8.04106e-16
1.33832 -0.419908 8.19254e-16
1.3446 -0.423869 4.07045e-16
1.35088 -0.42783 -5.1865e-18
1.35717 -0.431792 -4.17425e-16
1.36345 -0.435753 -8.29654e-16
1.36973 -0.439714 -1.24186e-15
1.37602 -0.443145 -9.42441e-16
1.3823 -0.446527 -5.77177e-16
1.38858 -0.449909 -2.11903e-16
1.39487 -0.453292 1.53368e-16
1.40115 -0.456674 5.18621e-16
1.40743 -0.459702 1.16689e-15
1.41372 -0.46249 2.00698e-15
1.42 -0.465278 2.84711e-15
1.42628 -0.468066 3.68724e-15
1.43257 -0.470854 4.52734e-15
1.43885 -0.473474 4.92675e-15
1.44513 -0.475655 4.17538e-15
1.45142 -0.477837 3.42397e-15
1.4577 -0.480018 2.67254e-15
1.46398 -0.4822 1.92114e-15
1.47027 -0.484381 1.16978e-15
1.47655 -0.485972 1.22292e-15
1.48283 -0.487538 1.31163e-15
1.48911 -0.489103 1.40034e-15
1.4954 -0.490668 1.48905e-15
1.50168 -0.492233 1.57775e-15
1.50796 -0.4934 1.77971e-15
1.51425 -0.494342 2.04583e-15
1.52053 -0.495284 2.31196e-15
1.52681 -0.496226 2.57808e-15
1.5331 -0.497168 2.8442e-15
1.53938 -0.49791 3.03202e-15
1.54566 -0.498224 3.05289e-15
1.55195 -0.498538 3.07376e-15
1.55823 -0.498853 3.09464e-15
1.56451 -0.499167 3.11551e-15
1.5708 -0.499482 3.13638e-15
1.57708 -0.499167 2.46851e-15
1.58336 -0.498853 1.8006e-15
1.58965 -0.498538 1.13267e-15
1.59593 -0.498224 4.64745e-16
1.60221 -0.497909 -2.03141e-16
1.6085 -0.497168 -4.02125e-16
1.61478 -0.496226 -3.81253e-16
1.62106 -0.495284 -3.60381e-16
1.62734 -0.494342 -3.39508e-16
1.63363 -0.4934 -3.18636e-16
1.63991 -0.492233 -3.18516e-16
1.64619 -0.490668 -3.55042e-16
1.65248 -0.489102 -3.91569e-16
1.65876 -0.487537 -4.28096e-16
1.66504 -0.485972 -4.64623e-16
1.67133 -0.484381 -4.81709e-16
1.67761 -0.482199 -5.90717e-17
1.68389 -0.480018 3.63593e-16
1.69018 -0.477836 7.86268e-16
1.69646 -0.475654 1.20894e-15
1.70274 -0.473473 1.63158e-15
1.70903 -0.470853 1.72974e-15
1.71531 -0.468065 1.70365e-15
1.72159 -0.465277 1.67756e-15
1.72788 -0.462489 1.65146e-15
1.73416 -0.459701 1.62537e-15
1.74044 -0.456673 1.66883e-15
1.74673 -0.453291 1.81493e-15
1.75301 -0.449908 1.96104e-15
1.75929 -0.446526 2.10715e-15
1.76558 -0.443144 2.25325e-15
1.77186 -0.439713 2.44087e-15
1.77814 -0.435752 3.07744e-15
1.78442 -0.43179 3.71405e-15
1.79071 -0.427829 4.35067e-15
1.79699 -0.423868 4.98728e-15
1.80327 -0.419907 5.62386e-15
1.80956 -0.415516 5.26993e-15
1.81584 -0.410994 4.61247e-15
1.82212 -0.406471 3.95497e-15
1.82841 -0.401948 3.29748e-15
1.83469 -0.397426 2.64002e-15
1.84097 -0.392662 2.22474e-15
1.84726 -0.387599 2.10994e-15
1.85354 -0.382535 1.99514e-15
1.85982 -0.377471 1.88034e-15
1.86611 -0.372407 1.76555e-15
1.87239 -0.367278 1.69913e-15
1.87867 -0.361696 1.96524e-15
1.88496 -0.356114 2.23136e-15
1.89124 -0.350531 2.49749e-15
1.89752 -0.344949 2.76361e-15
1.90381 -0.339367 3.02972e-15
1.91009 -0.333386 3.22628e-15
1.91637 -0.327311 3.4063e-15
1.92265 -0.321235 3.58633e-15
1.92894 -0.315159 3.76635e-15
1.93522 -0.309083 3.94637e-15
1.9415 -0.30278 3.9148e-15
1.94779 -0.296237 3.66174e-15
1.95407 -0.289695 3.40865e-15
1.96035 -0.283152 3.15557e-15
1.96664 -0.27661 2.9025e-15
1.97292 -0.269994 2.5496e-15
1.9792 -0.263015 1.70693e-15
1.98549 -0.256035 8.64204e-16
1.99177 -0.249055 2.1463e-17
1.99805 -0.242075 -8.21261e-16
2.00434 -0.235096 -1.66393e-15
2.01062 -0.227772 -1.58176e-15
2.0169 -0.220386 -1.33651e-15
2.02319 -0.213 -1.09126e-15
2.02947 -0.205614 -8.46003e-16
2.03575 -0.198229 -6.00761e-16
2.04204 -0.190645 -2.86976e-16
2.04832 -0.182887 8.74112e-17
2.0546 -0.175128 4.61815e-16
2.06088 -0.167369 8.3622e-16
2.06717 -0.15961 1.21061e-15
2.07345 -0.15178 1.54329e-15
2.07973 -0.143683 1.7207e-15
2.08602 -0.135585 1.89811e-15
2.0923 -0.127488 2.07553e-15
2.09858 -0.11939 2.25295e-15
2.10487 -0.111293 2.43035e-15
2.11115 -0.102927 2.17295e-15
2.11743 -0.094527 1.86313e-15
2.12372 -0.086127 1.5533e-15
2.13 -0.0777271 1.24347e-15
2.13628 -0.0693276 9.33655e-16
2.14257 -0.0607768 6.63582e-16
2.14885 -0.0521124 4.23067e-16
2.15513 -0.0434476 1.82541e-16
2.16142 -0.0347828 -5.79848e-17
2.1677 -0.0261184 -2.98502e-16
2.17398 -0.017397 -2.8803e-16
2.18027 -0.00850667 4.59588e-16
2.18655 0.000384182 1.20725e-15
2.19283 0.00927518 1.95492e-15
2.19911 0.018166 2.70257e-15
2.2054 0.0270562 3.45018e-15
2.21168 0.0361206 2.62253e-15
2.21796 0.0451978 1.68491e-15
2.22425 0.0542753 7.4726e-16
2.23053 0.0633526 -1.90376e-16
2.23681 0.0724295 -1.12796e-15
2.2431 0.0815958 -1.61967e-15
2.24938 0.0908187 -1.83296e-15
2.25566 0.100042 -2.04625e-15
2.26195 0.109265 -2.25954e-15
2.26823 0.118488 -2.47283e-15
2.27451 0.127742 -2.35155e-15
2.2808 0.137069 -1.43582e-15
2.28708 0.146397 -5.20036e-16
2.29336 0.155726 3.95759e-16
2.29965 0.165053 1.31153e-15
2.30593 0.174381 2.22725e-15
2.31221 0.18377 1.72308e-15
2.3185 0.193161 1.18561e-15
2.32478 0.202552 6.48139e-16
2.33106 0.211943 1.10671e-16
2.33734 0.221334 -4.2677e-16
2.34363 0.230738 -7.5651e-16
2.34991 0.24015 -9.78275e-16
2.35619 0.249562 -1.20005e-15
2.36248 0.258975 -1.42182e-15
2.36876 0.268387 -1.64358e-15
2.37504 0.277791 -1.83088e-15
2.38133 0.287182 -1.95089e-15
2.38761 0.296574 -2.0709e-15
2.39389 0.305965 -2.19092e-15
2.40018 0.315357 -2.31094e-15
2.40646 0.324746 -2.42897e-15
2.41274 0.334074 -2.44723e-15
2.41903 0.343403 -2.46549e-15
2.42531 0.352731 -2.48376e-15
2.43159 0.36206 -2.50202e-15
2.43788 0.371388 -2.52028e-15
2.44416 0.380643 -2.85458e-15
2.45044 0.389867 -3.3242e-15
2.45673 0.399091 -3.79383e-15
2.46301 0.408316 -4.26347e-15
2.46929 0.41754 -4.73309e-15
2.47558 0.426708 -4.81702e-15
2.48186 0.435786 -4.27436e-15
2.48814 0.444865 -3.73167e-15
2.49442 0.453943 -3.18897e-15
2.50071 0.463022 -2.6463e-15
2.50699 0.472088 -2.13331e-15
2.51327 0.48098 -2.0707e-15
2.51956 0.489873 -2.00808e-15
2.52584 0.498765 -1.94546e-15
2.53212 0.507658 -1.88285e-15
2.53841 0.51655 -1.82023e-15
2.54469 0.525274 -1.86223e-15
2.55097 0.53394 -1.9405e-15
2.55726 0.542607 -2.01877e-15
2.56354 0.551274 -2.09704e-15
2.56982 0.559941 -2.17531e-15
2.57611 0.568494 -2.15418e-15
2.58239 0.576896 -1.99764e-15
2.58867 0.585299 -1.8411e-15
2.59496 0.593701 -1.68455e-15
2.60124 0.602103 -1.52801e-15
2.60752 0.610473 -1.47415e-15
2.61381 0.618573 -2.30378e-15
2.62009 0.626673 -3.13345e-15
2.62637 0.634774 -3.96315e-15
2.63265 0.642874 -4.79283e-15
2.63894 0.650974 -5.62246e-15
2.64522 0.658808 -5.49377e-15
2.6515 0.66657 -5.10241e-15
2.65779 0.674332 -4.71105e-15
2.66407 0.682094 -4.31969e-15
2.67035 0.689856 -3.92834e-15
2.67664 0.697444 -3.87961e-15
2.68292 0.704833 -4.22399e-15
2.6892 0.712222 -4.56839e-15
2.69549 0.719612 -4.91279e-15
2.70177 0.727001 -5.25718e-15
2.70805 0.73433 -5.45942e-15
2.71434 0.741314 -4.83329e-15
2.72062 0.748297 -4.20712e-15
2.7269 0.755281 -3.58093e-15
2.73319 0.762265 -2.95476e-15
2.73947 0.769248 -2.32862e-15
2.74575 0.77587 -1.74566e-15
2.75204 0.782417 -1.17168e-15
2.75832 0.788963 -5.97677e-16
2.7646 0.79551 -2.36792e-17
2.77088 0.802057 5.50292e-16
2.77717 0.808366 7.95559e-16
2.78345 0.814447 7.22508e-16
2.78973 0.820528 6.49454e-16
2.79602 0.826609 5.76399e-16
2.8023 0.83269 5.03347e-16
2.80858 0.838677 3.00282e-16
2.81487 0.844264 -4.61518e-16
2.82115 0.849852 -1.22336e-15
2.82743 0.85544 -1.98522e-15
2.83372 0.861028 -2.74706e-15
2.84 0.866616 -3.50886e-15
2.84628 0.871753 -3.52656e-15
2.85257 0.876823 -3.43263e-15
2.85885 0.881893 -3.3387e-15
2.86513 0.886963 -3.24478e-15
2.87142 0.892032 -3.15086e-15
2.8777 0.896805 -2.90762e-15
2.88398 0.901334 -2.54237e-15
2.89027 0.905864 -2.17709e-15
2.89655 0.910394 -1.81182e-15
2.90283 0.914923 -1.44656e-15
2.90911 0.919323 -1.22844e-15
2.9154 0.923292 -1.49977e-15
2.92168 0.927262 -1.77111e-15
2.92796 0.931231 -2.04246e-15
2.93425 0.935201 -2.3138e-15
2.94053 0.93917 -2.58512e-15
2.94681 0.942612 -2.55193e-15
2.9531 0.946004 -2.48931e-15
2.95938 0.949396 -2.42669e-15
2.96566 0.952788 -2.36408e-15
2.97195 0.956179 -2.30146e-15
2.97823 0.95922 -2.23266e-15
2.98451 0.96202 -2.15961e-15
2.9908 0.96482 -2.08656e-15
2.99708 0.967619 -2.0135e-15
3.00336 0.970419 -1.94045e-15
3.00965 0.973054 -1.9844e-15
3.01593 0.97525 -2.33921e-15
3.02221 0.977447 -2.69404e-15
3.0285 0.979643 -3.04888e-15
3.03478 0.98184 -3.40371e-15
3.04106 0.984036 -3.75852e-15
3.04734 0.98565 -3.02792e-15
3.05363 0.987236 -2.24521e-15
3.05991 0.988823 -1.46248e-15
3.06619 0.990409 -6.79762e-16
3.07248 0.991995 1.0292e-16
3.07876 0.993194 3.0906e-16
3.08504 0.994171 1.83829e-16
3.09133 0.995148 5.85925e-17
3.09761 0.996125 -6.6644e-17
3.10389 0.997102 -1.91876e-16
3.11018 0.997902 -1.72039e-16
3.11646 0.998322 1.6212e-16
3.12274 0.998741 4.96297e-16
3.12903 0.99916 8.30478e-16
3.13531 0.999579 1.16465e-15
