-10.6964   -1  6.44793e-34   -0.357773   0.532147   -0.893628   -0.448808   7.45762   -1.43988   0.592764   -0.138287
-10.6408   -1.02533  0.0494607   -0.445386   0.953691   -0.883742   -0.467974   7.80483   -1.81156   -0.535906   -0.700317
-10.5788   -1.05528  0.103696   -0.383643   0.799736   -0.870203   -0.492694   -2.28605   0.858289   0.216814   -0.396044
-10.5171   -1.08606  0.157183   -0.345587   0.798685   -0.860287   -0.509809   -0.758134   0.381574   0.324407   -0.255457
-10.4572   -1.11733  0.208298   -0.325663   0.757618   -0.84871   -0.528859   -0.642477   0.303624   0.116034   -0.354625
-10.3992   -1.14827  0.257305   -0.279092   0.732202   -0.840336   -0.542066   2.39147   -6.44075   -56.0064   -28.5201
-10.3432   -1.17911  0.304054   -0.269855   0.704567   -0.831053   -0.556193   -0.442609   0.806209   0.15418   -0.173472
-10.2892   -1.20939  0.3488   -0.227034   0.681442   -0.8242   -0.566299   -0.408055   0.773873   0.0895201   -0.205553
-10.2371   -1.23923  0.391555   -0.220575   0.659151   -0.816957   -0.576698   1.37528   -3.16484   46.9992   23.2573
-10.1867   -1.26846  0.432575   -0.185736   0.639655   -0.811461   -0.584406   -0.388552   0.163115   0.12113   -0.151681
-10.1379   -1.29716  0.472001   -0.17803   0.621247   -0.805942   -0.591995   1.06078   1.94901   -4.25154   -2.45494
-10.0906   -1.32534  0.510082   -0.151592   0.604703   -0.801514   -0.597976   0.950196   1.62107   -1.48233   -1.05156
-10.0444   -1.35312  0.547017   -0.141804   0.589182   -0.797301   -0.603583   0.858759   -0.712487   -1.10423   -0.850682
-9.99908   -1.38055  0.583034   -0.122055   0.574928   -0.793778   -0.608208   -0.304888   0.252014   0.0763773   -0.0916926
-9.95452   -1.40774  0.61833   -0.110925   0.561532   -0.790553   -0.612394   -0.287253   0.34994   0.0657081   -0.0785261
-9.91048   -1.4348  0.65309   -0.0956084   0.549027   -0.787797   -0.615935   0.66227   0.913168   -0.95037   -0.743019
-9.86676   -1.46179  0.687471   -0.0841869   0.537216   -0.78535   -0.619052   0.613702   -0.728521   -0.897143   -0.707179
-9.82324   -1.4888  0.721608   -0.0715345   0.526072   -0.783263   -0.621691   0.57102   0.902268   -0.850189   -0.674812
-9.77978   -1.51587  0.755609   -0.0605294   0.515498   -0.781472   -0.623941   -0.243034   0.252808   -0.683559   -0.0517033
-9.73629   -1.54304  0.78956   -0.0494877   0.505453   -0.77998   -0.625804   -0.230752   0.253664   0.0335216   -0.0428171
-9.6927   -1.57035  0.823532   -0.0392036   0.495892   -0.778769   -0.627311   -0.20842   0.227662   0.0219704   -0.0266262
-9.64896   -1.59782  0.857575   -0.0292516   0.486781   -0.77783   -0.628475   -0.197883   0.216229   0.0157572   -0.019038
-9.60503   -1.62545  0.891729   -0.0197572   0.478092   -0.777154   -0.629311   -0.187885   0.206322   0.00978211   -0.0117974
-9.56089   -1.65324  0.926019   -0.0106535   0.469802   -0.776732   -0.629831   -0.178392   0.196956   0.00404619   -0.00486104
-9.51654   -1.68118  0.960463   -0.00191964   0.461892   -0.776557   -0.630047   -0.169387   0.187793   -0.00145429   0.00177828
-9.47199   -1.70925  0.995064   0.00644783   0.454344   -0.776621   -0.629968   -0.160851   0.179348   -0.00672259   0.00814418
-9.42725   -1.73743  1.02982   0.0144732   0.447147   -0.776917   -0.629603   -0.152763   0.171263   -0.0117579   0.0142535
-9.38236   -1.76567  1.0647   0.0221633   0.440287   -0.777435   -0.628963   -0.145113   0.163581   -0.0165658   0.0201126
-9.33737   -1.79395  1.09969   0.0295258   0.433756   -0.778167   -0.628058   -0.13788   0.156376   -0.0211435   0.0257403
-9.29234   -1.8222  1.13475   0.0365708   0.427544   -0.779101   -0.626898   -0.138046   0.156649   -0.515728   0.0257717
-9.24735   -1.85038  1.16983   0.0433078   0.421644   -0.780227   -0.625496   -0.131246   0.149857   -0.024546   0.0311837
-9.20248   -1.87841  1.20487   0.0497368   0.416047   -0.781532   -0.623865   -0.124832   0.143395   -0.028528   0.0363817
-9.15781   -1.90624  1.23981   0.0558659   0.410746   -0.783002   -0.622019   -0.118795   0.137342   -0.0323037   0.0413676
-9.11343   -1.9338  1.27459   0.0617146   0.405731   -0.784623   -0.619973   -0.113117   0.131922   -0.0358797   0.0461517
-9.06942   -1.96103  1.30916   0.06727   0.400992   -0.786381   -0.617742   -0.107785   0.126371   -0.0392337   0.0507398
-9.02585   -1.9879  1.34347   0.0725622   0.396519   -0.788259   -0.615343   -0.102783   0.121607   -0.0424016   0.0551354
-8.98277   -2.01435  1.37747   0.0775892   0.392299   -0.790246   -0.612789   -0.0980917   0.116837   -0.0453681   0.0593521
-8.94021   -2.04037  1.41114   0.0823764   0.388317   -0.792328   -0.610095   -0.0936952   0.112639   -0.0481445   0.0633928
-8.89818   -2.06596  1.44449   0.0869213   0.384557   -0.794494   -0.607271   -0.0895703   0.108283   -0.050737   0.0672758
-8.85666   -2.09111  1.47753   0.0912718   0.381004   -0.796736   -0.604327   -0.0856998   0.104918   -0.053173   0.0710024
-8.81559   -2.11587  1.5103   0.0954029   0.377639   -0.799048   -0.601268   -0.0820552   0.10073   -0.0554519   0.0746049
-8.77489   -2.14028  1.54287   0.0993929   0.374443   -0.801425   -0.598095   -0.0786281   0.0981856   -0.0575576   0.07806
-8.73446   -2.16439  1.57531   0.103173   0.371401   -0.803868   -0.594808   -0.0720832   0.0924911   -0.0631515   0.0844184
-8.69418   -2.18828  1.60774   0.106905   0.368493   -0.806377   -0.591402   -0.0723082   0.0927797   -0.0614095   0.0846819
-8.65391   -2.21203  1.64027   0.110393   0.365704   -0.808958   -0.587866   -0.066365   0.0880975   -0.0665953   0.0906844
-8.6135   -2.23571  1.67301   0.113959   0.363018   -0.811613   -0.584196   -0.0665828   0.0883866   -0.0647811   0.0909819
-8.57281   -2.2594  1.70609   0.117206   0.360425   -0.814355   -0.580367   -0.0638429   0.0800063   -0.351925   0.0942309
-8.53168   -2.28319  1.73965   0.120696   0.357907   -0.81718   -0.576382   -0.0613188   0.0850212   -0.344846   0.0970671
-8.48998   -2.30714  1.77378   0.123727   0.355463   -0.820113   -0.572202   -0.0587177   0.0727831   -0.337469   0.100427
-8.44758   -2.33131  1.80862   0.127226   0.353075   -0.823138   -0.567841   -0.0536827   0.065336   -0.0740178   0.106238
-8.40437   -2.35575  1.84426   0.130055   0.350751   -0.826292   -0.563242   -0.0538884   0.0655864   -0.0719251   0.106645
-8.36026   -2.38049  1.88077   0.133604   0.348471   -0.82954   -0.558448   -0.0491005   0.0590794   -0.0764794   0.112495
-8.31519   -2.40555  1.91824   0.136272   0.346253   -0.832938   -0.553367   -0.0472514   0.0766912   -0.0767293   0.114311
-8.26911   -2.43093  1.9567   0.139813   0.344071   -0.83642   -0.548088   -0.047449   0.0770119   -0.0744378   0.114789
-8.222   -2.45662  1.99619   0.142479   0.341958   -0.84007   -0.542478   -0.0431166   0.0682743   -0.0784522   0.120223
-8.17385   -2.48259  2.03672   0.145773   0.339878   -0.843788   -0.536677   -0.040669   0.0600128   -0.0803617   0.12514
-8.12471   -2.50882  2.07828   0.148729   0.337875   -0.847676   -0.530514   -0.0391635   0.0546756   -0.0799549   0.126388
-8.07463   -2.53523  2.12084   0.151474   0.335909   -0.851614   -0.524169   -0.0369005   0.0673308   -0.0815289   0.13121
-8.02369   -2.56177  2.16432   0.154911   0.334025   -0.855702   -0.51747   -0.0370776   0.0676539   -0.0788421   0.131839
-7.97197   -2.58835  2.20868   0.157031   0.33219   -0.859831   -0.510578   -0.0355577   0.0411322   -0.260708   0.133552
-7.91957   -2.61492  2.25384   0.160799   0.330433   -0.864062   -0.503385   -0.0318291   0.0336706   -0.250416   0.139689
-7.86665   -2.64136  2.29969   0.162594   0.328744   -0.868338   -0.495973   -0.0303128   0.0679467   -0.0821787   0.142529
-7.81344   -2.66755  2.346   0.166218   0.327127   -0.872636   -0.488371   -0.0285798   0.0359992   -0.0827749   0.146376
-7.76004   -2.69342  2.39272   0.168145   0.325597   -0.876976   -0.480535   -0.0274061   0.0565641   -0.230986   0.148148
-7.70652   -2.71893  2.43977   0.171185   0.324127   -0.881284   -0.472587   -0.0256881   0.0434623   -0.0826832   0.152653
-7.65311   -2.74395  2.48695   0.173512   0.322751   -0.885618   -0.464414   -0.0258145   0.0437603   -0.220088   0.153404
-7.59993   -2.76843  2.53417   0.175876   0.321434   -0.889874   -0.456207   -0.0231471   0.0491658   -0.0819981   0.158423
-7.54709   -2.79231  2.5813   0.17848   0.320208   -0.894125   -0.447816   -0.0222467   0.0366857   -0.0807504   0.159787
-7.49469   -2.81556  2.62827   0.180407   0.319039   -0.89828   -0.439423   -0.0209019   0.0497263   -0.080857   0.163799
-7.44276   -2.83816  2.67502   0.182995   0.317952   -0.902401   -0.430898   -0.0200309   0.0344446   -0.0797085   0.165477
-7.39137   -2.86008  2.72149   0.184769   0.31692   -0.906421   -0.422375   -0.0188936   0.0464475   -0.0794086   0.168939
-7.34046   -2.88137  2.76774   0.187139   0.315956   -0.910388   -0.413756   -0.0189763   0.0466507   -0.0764487   0.169678
-7.28995   -2.90205  2.81382   0.188918   0.315042   -0.91427   -0.405106   -0.0170747   0.0417609   -0.0777254   0.173939
-7.23972   -2.92218  2.85985   0.19102   0.314183   -0.9181   -0.39635   -0.0162826   0.0370101   -0.0766175   0.176017
-7.1896   -2.94182  2.90595   0.192878   0.313365   -0.921865   -0.38751   -0.0154038   0.0362451   -0.167047   0.178876
-7.13941   -2.96105  2.95232   0.194703   0.31259   -0.925596   -0.378513   -0.0146713   0.0404643   -0.0745974   0.180911
-7.08892   -2.97993  2.99915   0.19675   0.311848   -0.929286   -0.369361   -0.0138377   0.0287977   -0.0736895   0.18387
-7.03791   -2.99853  3.04664   0.198222   0.311141   -0.932966   -0.359964   -0.0131883   0.0464266   -0.0722055   0.185575
-6.98615   -3.01691  3.09503   0.20063   0.310457   -0.936623   -0.35034   -0.0123353   0.0194891   -0.0713248   0.189095
-6.93341   -3.03513  3.14452   0.201659   0.309805   -0.9403   -0.340348   -0.0118072   0.0528616   -0.069386   0.190002
-6.87948   -3.05321  3.19533   0.204516   0.309167   -0.943953   -0.33008   -0.0108729   0.0125471   -0.0686561   0.194671
-6.82415   -3.07118  3.24766   0.205212   0.308564   -0.947658   -0.319288   -0.0109156   0.0126282   -0.13185   0.195435
-6.76722   -3.08904  3.30171   0.208262   0.307965   -0.95132   -0.308206   -0.00946194   0.0150936   -0.0655194   0.200474
-6.70856   -3.10679  3.35763   0.209149   0.307409   -0.955057   -0.296422   -0.00919504   0.0422551   -0.0623891   0.198843
-6.648   -3.12437  3.41558   0.211713   0.306851   -0.958719   -0.284357   -0.00814241   0.0297412   -0.0616721   0.206062
-6.58541   -3.14178  3.4757   0.213578   0.306341   -0.962457   -0.271435   -0.00786505   0.0218453   -0.0583015   0.204191
-6.52069   -3.15891  3.53811   0.214994   0.305831   -0.966093   -0.258195   -0.00789476   0.0219278   -0.054159   0.204962
-6.45385   -3.17572  3.6028   0.218211   0.305366   -0.969758   -0.244067   -0.00651178   0.00497916   -0.0537388   0.210578
-6.38468   -3.19208  3.67001   0.218557   0.304915   -0.973315   -0.229472   -0.00581494   0.0563993   -0.0513137   0.215282
-6.31366   -3.20786  3.73926   0.222569   0.304501   -0.976799   -0.214157   -0.00583579   0.0566129   -0.0838417   0.216053
-6.24052   -3.22293  3.81083   0.222748   0.30412   -0.980158   -0.198218   -0.00472723   0.0491237   -0.0449737   0.219554
-6.16509   -3.23728  3.88487   0.226459   0.303763   -0.983367   -0.181631   -0.00400622   0.0130671   -0.0421485   0.224232
-6.08799   -3.25061  3.96082   0.227468   0.303453   -0.986408   -0.164314   -0.00364024   0.0341844   -0.0379799   0.224429
-6.0092   -3.26288  4.03865   0.230165   0.303166   -0.989195   -0.146606   -0.00294547   0.0258083   -0.0347991   0.230092
-5.92895   -3.27389  4.11814   0.232239   0.302929   -0.991759   -0.128116   -0.00258592   0.0220742   -0.0303179   0.229915
-5.84753   -3.28358  4.19897   0.234039   0.302719   -0.994   -0.109376   -0.00199498   0.0326157   -0.0265421   0.235146
-5.76541   -3.29176  4.28069   0.23672   0.302555   -0.995938   -0.0900461   -0.00161715   0.0172102   -0.0219077   0.235529
-5.68276   -3.29841  4.36307   0.238143   0.302421   -0.997507   -0.0705625   -0.0011364   0.0327488   -0.0175839   0.239658
-5.59983   -3.30343  4.44585   0.240861   0.302327   -0.998715   -0.0506749   -0.000757111   0.0176491   -0.0128157   0.240768
-5.517   -3.30681  4.52861   0.242324   0.302264   -0.999528   -0.030723   -0.000361303   0.0296178   -0.00809056   0.243817
-5.43455   -3.30851  4.61104   0.244766   0.302234   -0.999944   -0.0106164   -0.000361453   0.0296301   -0.00201316   0.243919
-5.35275   -3.30856  4.69284   0.24638   0.302233   -0.999955   0.00945433   -9.96807e-06   0.0197246   0.00282443   0.245345
-5.27179   -3.30698  4.77379   0.248508   0.30226   -0.999565   0.0294982   0.000325063   0.0262799   0.00999178   0.247505
-5.19179   -3.30382  4.85372   0.250211   0.30231   -0.998778   0.0494256   0.000922734   0.0239477   0.0118972   0.250919
-5.1128   -3.29913  4.93257   0.252102   0.302383   -0.9976   0.0692343   0.000921637   0.0239252   0.0239807   0.250623
-5.03477   -3.29296  5.01036   0.253812   0.302476   -0.99604   0.0889116   0.00143871   0.0225143   0.0221663   0.253707
-4.95756   -3.28533  5.0872   0.255549   0.302587   -0.994098   0.108483   0.0014359   0.022478   0.0375545   0.253212
-4.88089   -3.27627  5.16333   0.257229   0.302715   -0.991774   0.128003   0.0018857   0.0216104   0.0325894   0.25596
-4.80448   -3.26574  5.23901   0.258878   0.302858   -0.989057   0.147534   0.00188055   0.0215583   0.050844   0.255259
-4.72798   -3.2537  5.31455   0.260526   0.303018   -0.985931   0.167154   0.00227651   0.0210912   0.0580278   0.257691
-4.65092   -3.24006  5.3904   0.262149   0.303193   -0.982364   0.186978   0.0024563   0.0208476   0.0646124   0.25832
-4.57285   -3.22468  5.46694   0.263773   0.303384   -0.978319   0.207103   0.00262476   0.0209489   0.0544118   0.258888
-4.49331   -3.2074  5.54458   0.265436   0.303593   -0.973743   0.22765   0.00261249   0.0208563   0.0775391   0.257677
-4.41183   -3.188  5.62372   0.26704   0.303819   -0.968575   0.24872   0.00294037   0.0211544   0.0662539   0.259487
-4.32799   -3.16624  5.70469   0.268809   0.304065   -0.962745   0.270413   0.00292267   0.0210298   0.0915426   0.257925
-4.24137   -3.14186  5.7878   0.270386   0.304331   -0.956166   0.292824   0.00305702   0.0181506   0.0987973   0.257842
-4.15162   -3.11455  5.87329   0.272319   0.304619   -0.948755   0.316014   0.00332856   0.0165392   0.106533   0.259263
-4.05839   -3.08398  5.96137   0.273856   0.304928   -0.940396   0.340082   0.00349603   0.0221036   0.0930352   0.258293
-3.96138   -3.0498  6.05215   0.27599   0.305266   -0.931001   0.365018   0.00346109   0.0219131   0.122105   0.255713
-3.86033   -3.01162  6.14572   0.277492   0.30562   -0.920414   0.390945   0.00373945   0.0220223   0.130588   0.256042
-3.75501   -2.96905  6.24205   0.279797   0.306012   -0.908566   0.417742   0.00366549   0.0142433   0.13855   0.255439
-3.64526   -2.92169  6.34106   0.281349   0.306411   -0.895243   0.445578   0.00394896   0.0204347   0.147865   0.252326
-3.53097   -2.86914  6.44255   0.283669   0.306859   -0.880426   0.474184   0.00374354   0.015102   0.134977   0.25117
-3.4121   -2.81104  6.54625   0.285448   0.3073   -0.863838   0.503769   0.00367293   0.0148854   0.165355   0.246438
-3.2887   -2.74702  6.65175   0.28754   0.3078   -0.845537   0.533917   0.00378271   0.0172908   0.174474   0.244629
-3.16089   -2.67684  6.75856   0.289723   0.308278   -0.825215   0.564819   0.00412108   0.0129724   0.184845   0.239339
-3.02893   -2.60023  6.86601   0.291413   0.308814   -0.802996   0.595985   0.00381189   0.0191175   0.193651   0.235356
-2.89305   -2.51714  6.97352   0.293972   0.309325   -0.77862   0.627496   0.00399528   0.00987959   0.203809   0.22932
-2.75383   -2.42757  7.08011   0.295325   0.309871   -0.752242   0.658887   0.00383545   0.0189182   0.213119   0.22313
-2.61166   -2.3317  7.18509   0.297964   0.310407   -0.723785   0.690025   0.00371666   0.00901171   0.222486   0.216361
-2.46668   -2.22941  7.28782   0.299244   0.310934   -0.693209   0.720737   0.00384077   0.0163562   0.232259   0.20803
-2.32235   -2.12324  7.3856   0.301552   0.311476   -0.661347   0.75008   0.00333023   0.00989843   0.240344   0.200255
-2.17653   -2.01178  7.47962   0.302957   0.311949   -0.627584   0.778549   0.00369283   0.0124116   0.24987   0.1904
-2.02908   -1.89494  7.56957   0.304738   0.312479   -0.592137   0.805837   0.00298739   0.0111503   0.257118   0.181355
-1.88359   -1.7758  7.65307   0.306308   0.3129   -0.555657   0.831412   0.00338977   0.00871732   0.265761   0.170302
-1.73936   -1.65414  7.73054   0.307526   0.313373   -0.518372   0.855155   0.00265906   0.0116244   0.272057   0.160169
-1.59762   -1.53134  7.80132   0.309111   0.313736   -0.480444   0.877025   0.002946   0.00587109   0.27931   0.148616
-1.45885   -1.40822  7.86535   0.309896   0.314128   -0.44237   0.896833   0.00238418   0.0113134   0.284784   0.137615
-1.32366   -1.28574  7.92257   0.311357   0.314437   -0.40429   0.914631   0.00236311   0.00349842   0.290356   0.126037
-1.19248   -1.16469  7.97312   0.311796   0.314732   -0.366572   0.93039   0.00221276   0.0109656   0.29513   0.114609
-1.06561   -1.04574  8.01725   0.313116   0.314999   -0.32941   0.944187   0.00158604   0.000868226   0.298907   0.103344
-0.943179   -0.929385  8.05533   0.313213   0.315182   -0.29293   0.956134   0.00226999   0.0114211   0.303195   0.0919019
-0.825196   -0.815948  8.08777   0.314486   0.315433   -0.257379   0.96631   0.00183811   0.00453331   0.3059   0.0810292
-0.711502   -0.705575  8.11504   0.314172   0.315504   -0.222616   0.974906   0.00161659   0.00407746   0.306564   0.070083
-0.601811   -0.598225  8.13758   0.315359   0.315789   -0.188913   0.981994   0.00172088   0.00141829   0.310763   0.0596419
-0.495716   -0.493718  8.15587   0.315044   0.315687   -0.155866   0.987778   0.00147944   0.00126783   0.311362   0.0492062
-0.392728   -0.391738  8.17024   0.315605   0.316087   -0.123821   0.992305   -0.0021853   -0.00439102   0.313657   0.0392146
-0.292252   -0.29185  8.18111   0.315963   0.315751   -0.0921579   0.995744   0.00133171   -0.00152449   0.314482   0.0291647
-0.193784   -0.19367  8.18862   0.315318   0.316338   -0.0612621   0.998122   -0.0089652   0.0349394   0.316968   0.0192001
-0.0962531   -0.0962428  8.19312   0.316907   0.315725   -0.0303818   0.999538   -0.00347914   -0.00315533   0.31618   0.00964597
-7.28039e-07   -8.27326e-07  8.19454   0.314744   0.315658   1.62806e-06   1   0.00574239   0.00358941   0.316544   -4.43652e-05
0.0962527   0.0962422  8.19312   0.316882   0.315784   0.0303838   0.999538   0.00342985   0.00309159   0.316161   -0.00964597
0.193785   0.19367  8.18862   0.315306   0.316327   0.0612623   0.998122   -0.0101448   0.0115576   0.313009   -0.0193579
0.292252   0.29185  8.1811   0.315965   0.315754   0.0921579   0.995744   -0.00127959   0.00158128   0.314481   -0.0291647
0.392729   0.391738  8.17024   0.315604   0.316087   0.123821   0.992305   -0.00617574   -0.00943138   0.310873   -0.0388996
0.495716   0.493718  8.15587   0.315045   0.315687   0.155866   0.987778   -0.00147533   -0.00126436   0.311362   -0.0492063
0.601811   0.598225  8.13758   0.315359   0.315789   0.188913   0.981994   -0.00354724   -0.0172968   0.307838   -0.0593202
0.711502   0.705575  8.11504   0.314172   0.315504   0.222616   0.974906   -0.00161753   -0.00410327   0.306563   -0.0700828
0.825196   0.815948  8.08776   0.31448   0.315433   0.257379   0.96631   -0.00199479   -0.0100327   0.302957   -0.0807481
0.943179   0.929385  8.05533   0.313216   0.315182   0.29293   0.956134   -0.00141053   -0.000772554   0.299864   -0.0918991
1.06561   1.04574  8.01725   0.313115   0.314999   0.32941   0.944187   -0.00198855   -0.00985423   0.295102   -0.10299
1.19248   1.16469  7.97312   0.311795   0.314732   0.366572   0.93039   -0.00214276   -0.00317147   0.290052   -0.114278
1.32366   1.28574  7.92257   0.311358   0.314437   0.40429   0.914631   -0.002179   -0.0103401   0.284521   -0.125768
1.45885   1.40822  7.86535   0.309895   0.314128   0.44237   0.896833   -0.0027126   -0.00540526   0.277551   -0.136839
1.59762   1.53134  7.80132   0.309112   0.313736   0.480444   0.877025   -0.00246455   -0.0107744   0.271068   -0.14845
1.73936   1.65414  7.73054   0.307525   0.313373   0.518372   0.855155   -0.00316235   -0.00813181   0.26235   -0.158875
1.88359   1.7758  7.65307   0.30631   0.3129   0.555657   0.831412   -0.00280337   -0.0104639   0.254822   -0.170182
2.02908   1.89494  7.56957   0.304737   0.312479   0.592137   0.805837   -0.00348428   -0.0117101   0.244782   -0.179646
2.17653   2.01178  7.47962   0.302958   0.311949   0.627583   0.778549   -0.00316022   -0.00939326   0.236136   -0.190031
2.32235   2.12324  7.3856   0.301551   0.311476   0.661347   0.75008   -0.00366426   -0.0156044   0.22545   -0.198469
2.46668   2.22941  7.28782   0.299244   0.310934   0.693209   0.720737   -0.00355966   -0.00863087   0.21578   -0.207221
2.61166   2.3317  7.18509   0.297965   0.310407   0.723785   0.690026   -0.00369036   -0.0182026   0.205213   -0.214689
2.75383   2.42757  7.08011   0.295325   0.309871   0.752242   0.658887   -0.00385994   -0.00954476   0.194433   -0.221551
2.89305   2.51714  6.97352   0.293972   0.309324   0.77862   0.627496   -0.00369618   -0.0185372   0.184472   -0.228211
3.02893   2.60023  6.86601   0.291413   0.308814   0.802996   0.595985   -0.00401012   -0.012623   0.173296   -0.232894
3.16089   2.67684  6.75856   0.289724   0.308277   0.825215   0.564819   -0.0036918   -0.0168753   0.163962   -0.238749
3.2887   2.74702  6.65175   0.287539   0.3078   0.845537   0.533917   -0.00400591   -0.0167248   0.153064   -0.241637
3.4121   2.81104  6.54625   0.285453   0.3073   0.863838   0.503769   -0.00367293   -0.0148846   0.144263   -0.246438
3.53097   2.86914  6.44255   0.283666   0.306859   0.880426   0.474184   -0.0038836   -0.0200965   0.134149   -0.24815
3.64526   2.92169  6.34106   0.281349   0.306411   0.895243   0.445578   -0.00361174   -0.0140344   0.125794   -0.251694
3.75501   2.96905  6.24205   0.279797   0.306012   0.908566   0.417742   -0.00369131   -0.0217389   0.116707   -0.252746
3.86033   3.01162  6.14572   0.277492   0.30562   0.920414   0.390945   -0.00348754   -0.0147631   0.108834   -0.255048
3.96138   3.0498  6.05215   0.275991   0.305266   0.931001   0.365018   -0.00346109   -0.0219129   0.10075   -0.255713
4.05839   3.08398  5.96137   0.273855   0.304928   0.940396   0.340082   -0.00329924   -0.0163934   0.0934174   -0.256979
4.15162   3.11455  5.87329   0.272319   0.304619   0.948755   0.316014   -0.00320456   -0.0214514   0.0861894   -0.257345
4.24137   3.14186  5.7878   0.270386   0.304331   0.956166   0.292824   -0.00305702   -0.0181506   0.0794335   -0.257842
4.32799   3.16624  5.70469   0.268809   0.304065   0.962745   0.270413   -0.00292267   -0.0210299   0.0729035   -0.257925
4.41183   3.188  5.62372   0.26704   0.303819   0.968575   0.24872   -0.00277115   -0.0196279   0.0666733   -0.257881
4.49331   3.2074  5.54458   0.265436   0.303593   0.973743   0.22765   -0.00261249   -0.0208563   0.060687   -0.257677
4.57285   3.22468  5.46694   0.263773   0.303384   0.978319   0.207103   -0.00244618   -0.0207617   0.0549028   -0.257256
4.65092   3.24006  5.3904   0.262149   0.303193   0.982364   0.186977   -0.00226827   -0.0210149   0.0493071   -0.256758
4.72798   3.2537  5.31455   0.260526   0.303018   0.985931   0.167154   -0.00207998   -0.0215039   0.0438554   -0.256051
4.80448   3.26574  5.23901   0.258879   0.302858   0.989057   0.147534   -0.00188055   -0.0215583   0.03852   -0.255259
4.88089   3.27627  5.16333   0.257229   0.302715   0.991774   0.128003   -0.00166436   -0.021883   0.0332785   -0.25429
4.95756   3.28533  5.0872   0.255549   0.302587   0.994098   0.108483   -0.0014359   -0.022478   0.0280965   -0.253212
5.03477   3.29296  5.01036   0.253812   0.302476   0.99604   0.0889116   -0.00118746   -0.0218945   0.0229746   -0.251952
5.1128   3.29913  4.93257   0.252102   0.302383   0.9976   0.0692343   -0.000921637   -0.0239252   0.0178899   -0.250623
5.19179   3.30382  4.85372   0.250211   0.30231   0.998778   0.0494256   -0.000634013   -0.0212805   0.0128444   -0.248992
5.27179   3.30698  4.77379   0.248508   0.30226   0.999565   0.0294982   -0.000325063   -0.0262799   0.00784045   -0.247505
5.35275   3.30856  4.69284   0.24638   0.302233   0.999955   0.00945429   9.96806e-06   -0.0197246   0.00289038   -0.245345
5.43455   3.30851  4.61104   0.244766   0.302234   0.999944   -0.0106164   9.96795e-06   -0.0197244   -0.00317565   -0.245342
5.517   3.30681  4.52861   0.242323   0.302264   0.999528   -0.0307231   0.000361305   -0.0296188   -0.00809087   -0.243818
5.59983   3.30343  4.44585   0.240861   0.302327   0.998715   -0.0506749   0.000757114   -0.0176487   -0.0128163   -0.240768
5.68276   3.29841  4.36307   0.238143   0.302421   0.997507   -0.0705626   0.00113639   -0.0327488   -0.0175849   -0.239659
5.76541   3.29176  4.28069   0.23672   0.302555   0.995938   -0.0900461   0.00161716   -0.01721   -0.021909   -0.235529
5.84753   3.28358  4.19897   0.234039   0.302719   0.994   -0.109376   0.00199498   -0.0326157   -0.0396785   -0.235146
5.92895   3.27389  4.11814   0.232239   0.302929   0.991759   -0.128116   0.00258593   -0.0220762   -0.0303159   -0.229915
6.0092   3.26288  4.03865   0.230165   0.303166   0.989195   -0.146606   0.00294545   -0.0258085   -0.0348014   -0.230092
6.08799   3.25061  3.96082   0.227468   0.303453   0.986408   -0.164314   0.00401859   -0.0131144   -0.0368506   -0.224926
6.16509   3.23728  3.88487   0.226459   0.303763   0.983367   -0.181631   0.0040062   -0.013074   -0.0421457   -0.224232
6.24052   3.22293  3.81083   0.222748   0.30412   0.980158   -0.198218   0.00472724   -0.0491136   -0.0449767   -0.219554
6.31366   3.20786  3.73926   0.222569   0.304501   0.976799   -0.214157   0.00520542   -0.0024507   -0.0484297   -0.217537
6.38468   3.19208  3.67001   0.218556   0.304915   0.973315   -0.229472   0.00581497   -0.056411   -0.0513104   -0.215282
6.45385   3.17572  3.6028   0.218213   0.305366   0.969758   -0.244067   0.00651177   -0.00494987   -0.0537424   -0.210579
6.52069   3.15891  3.53811   0.214993   0.305831   0.966093   -0.258195   0.00693737   -0.048076   -0.0569276   -0.210983
6.58541   3.14178  3.4757   0.213579   0.306341   0.962457   -0.271435   0.00786507   -0.0218186   -0.0583052   -0.204191
6.648   3.12437  3.41558   0.211712   0.306851   0.958719   -0.284357   0.00814241   -0.0297685   -0.0616687   -0.206062
6.70856   3.10679  3.35763   0.20915   0.307409   0.955057   -0.296422   0.00949911   -0.0151751   -0.0617787   -0.201262
6.76722   3.08904  3.30171   0.208261   0.307965   0.95132   -0.308206   0.00946194   -0.0151157   -0.0655159   -0.200474
6.82415   3.07118  3.24766   0.205212   0.308564   0.947658   -0.319288   0.0104935   -0.0534609   -0.0661005   -0.194298
6.87948   3.05321  3.19533   0.204515   0.309167   0.943953   -0.33008   0.0108729   -0.0125789   -0.0686525   -0.194671
6.93341   3.03513  3.14452   0.201661   0.309805   0.9403   -0.340348   0.0118073   -0.0528096   -0.0693895   -0.190001
6.98615   3.01691  3.09503   0.200629   0.310457   0.936623   -0.35034   0.0123353   -0.019489   -0.146206   -0.189095
7.03791   2.99853  3.04664   0.198223   0.311141   0.932966   -0.359964   0.0131884   -0.0463941   -0.0722092   -0.185575
7.08892   2.97993  2.99915   0.19675   0.311848   0.929286   -0.369361   0.0138377   -0.0287976   -0.15668   -0.18387
7.13941   2.96105  2.95232   0.194702   0.31259   0.925596   -0.378513   0.0146714   -0.0404803   -0.0745932   -0.18091
7.1896   2.94182  2.90595   0.192879   0.313365   0.921865   -0.38751   0.0154038   -0.0362452   -0.0758174   -0.178876
7.23972   2.92218  2.85985   0.19102   0.314183   0.9181   -0.39635   0.0171462   -0.0419441   -0.0747623   -0.174667
7.28995   2.90205  2.81382   0.188918   0.315042   0.91427   -0.405106   0.0170747   -0.0417692   -0.0777208   -0.173939
7.34046   2.88137  2.76774   0.187137   0.315956   0.910388   -0.413756   0.0180553   -0.0351724   -0.0783215   -0.170886
7.39137   2.86008  2.72149   0.184771   0.31692   0.906421   -0.422375   0.0201202   -0.034665   -0.0767485   -0.166214
7.44276   2.83816  2.67502   0.182993   0.317952   0.9024   -0.430898   0.0200309   -0.0345112   -0.0797029   -0.165476
7.49469   2.81556  2.62827   0.18041   0.319039   0.89828   -0.439423   0.0209018   -0.0496394   -0.0808631   -0.163799
7.54709   2.79231  2.5813   0.178479   0.320208   0.894125   -0.447817   0.0222467   -0.0366855   -0.20604   -0.159787
7.59993   2.76843  2.53417   0.175876   0.321434   0.889874   -0.456207   0.0231471   -0.0491658   -0.211284   -0.158423
7.65311   2.74395  2.48695   0.173514   0.322751   0.885618   -0.464414   0.0247108   -0.0443165   -0.0814653   -0.153943
7.70652   2.71893  2.43977   0.171182   0.324127   0.881284   -0.472587   0.0256881   -0.0435464   -0.0826758   -0.152653
7.76004   2.69342  2.39272   0.168148   0.325597   0.876976   -0.480535   0.0274061   -0.0565646   -0.0819373   -0.148148
7.81344   2.66755  2.346   0.166217   0.327127   0.872636   -0.488371   0.0285797   -0.0360586   -0.0827671   -0.146376
7.86665   2.64136  2.29969   0.16259   0.328744   0.868338   -0.495973   0.0303128   -0.067946   -0.24392   -0.142529
7.91957   2.61492  2.25384   0.160804   0.330433   0.864062   -0.503385   0.0318291   -0.0336715   -0.0822565   -0.139689
7.97197   2.58835  2.20868   0.15703   0.33219   0.859831   -0.510579   0.0334614   -0.0718528   -0.0820952   -0.136961
8.02369   2.56177  2.16432   0.154907   0.334025   0.855702   -0.51747   0.035387   -0.0409344   -0.0812404   -0.132911
8.07463   2.53523  2.12084   0.151479   0.335909   0.851614   -0.524169   0.0393455   -0.0551481   -0.0773581   -0.126975
8.12471   2.50882  2.07828   0.148723   0.337875   0.847676   -0.530514   0.0391636   -0.0548931   -0.079946   -0.126388
8.17385   2.48259  2.03672   0.145774   0.339878   0.843788   -0.536677   0.0433074   -0.0685767   -0.288801   -0.120755
8.222   2.45662  1.99619   0.142483   0.341958   0.84007   -0.542478   0.0449474   -0.0568998   -0.0762389   -0.119355
8.26911   2.43093  1.9567   0.139808   0.344071   0.83642   -0.548088   0.0447522   -0.0566526   -0.0786321   -0.118836
8.31519   2.40555  1.91824   0.136273   0.346253   0.832938   -0.553367   0.0493016   -0.0593216   -0.308973   -0.112956
8.36026   2.38049  1.88077   0.133607   0.348471   0.82954   -0.558448   0.0518068   -0.0808034   -0.0725561   -0.108912
8.40437   2.35575  1.84426   0.13005   0.350751   0.826292   -0.563242   0.051604   -0.0804871   -0.0747048   -0.108486
8.44758   2.33131  1.80862   0.127229   0.353075   0.823138   -0.567841   0.0564158   -0.0827523   -0.0703278   -0.103023
8.48998   2.30714  1.77378   0.123726   0.355463   0.820113   -0.572202   0.0562085   -0.0824482   -0.0723457   -0.102645
8.53168   2.28319  1.73965   0.120697   0.357907   0.81718   -0.576382   0.0585078   -0.0725227   -0.0712939   -0.100068
8.57281   2.2594  1.70609   0.117206   0.360425   0.814355   -0.580367   0.0611068   -0.0847274   -0.0696468   -0.0967315
8.6135   2.23571  1.67301   0.113956   0.363018   0.811613   -0.584196   0.063628   -0.079737   -0.0682976   -0.0939137
8.65391   2.21203  1.64027   0.110397   0.365704   0.808958   -0.587866   0.0693534   -0.0869618   -0.0632085   -0.0879483
8.69418   2.18828  1.60774   0.106901   0.368493   0.806377   -0.591402   0.0691321   -0.0866843   -0.064986   -0.0876676
8.73446   2.16439  1.57531   0.103176   0.371401   0.803868   -0.594808   0.0753734   -0.093718   -0.0595747   -0.0814512
8.77489   2.14028  1.54287   0.0993934   0.374443   0.801425   -0.598095   0.0786277   -0.0982391   -0.0575664   -0.0780612
8.81559   2.11587  1.5103   0.0954012   0.377639   0.799048   -0.601268   0.0820555   -0.100745   -0.0554431   -0.074604
8.85666   2.09111  1.47753   0.0912695   0.381004   0.796736   -0.604327   0.0857001   -0.104775   -0.053164   -0.0710014
8.89818   2.06596  1.44449   0.0869249   0.384557   0.794495   -0.607271   0.08957   -0.108427   -0.0507461   -0.0672766
8.94021   2.04037  1.41114   0.0823741   0.388317   0.792328   -0.610095   0.0936951   -0.112575   -0.0481362   -0.0633932
8.98277   2.01435  1.37747   0.0775895   0.392299   0.790246   -0.612789   0.0980921   -0.116867   -0.0453588   -0.0593513
9.02585   1.9879  1.34347   0.0725613   0.396519   0.78826   -0.615343   0.102782   -0.121503   -0.0423936   -0.0551363
9.06942   1.96103  1.30916   0.0672736   0.400992   0.78638   -0.617742   0.107785   -0.126578   -0.0392411   -0.0507382
9.11343   1.9338  1.27459   0.061709   0.405731   0.784623   -0.619973   0.113116   -0.131667   -0.0358721   -0.0461528
9.15781   1.90624  1.23981   0.0558717   0.410746   0.783002   -0.622019   0.118794   -0.137464   -0.0323125   -0.0413685
9.20248   1.87841  1.20487   0.0497371   0.416047   0.781532   -0.623865   0.124832   -0.143491   -0.0285355   -0.0363815
9.24735   1.85038  1.16983   0.0433038   0.421644   0.780227   -0.625496   0.131246   -0.149702   -0.0245384   -0.031183
9.29234   1.8222  1.13475   0.0365737   0.427544   0.779101   -0.626898   0.138046   -0.15665   -0.0203452   -0.0257717
9.33737   1.79395  1.09969   0.0295249   0.433756   0.778167   -0.628058   0.13788   -0.156462   -0.0211382   -0.0257408
9.38236   1.76567  1.0647   0.0221627   0.440287   0.777435   -0.628963   0.145113   -0.163575   -0.0165604   -0.0201118
9.42725   1.73743  1.02982   0.0144727   0.447147   0.776917   -0.629603   0.152763   -0.171259   -0.0117624   -0.0142548
9.47199   1.70925  0.995064   0.0064492   0.454344   0.776622   -0.629967   0.160852   -0.179306   -0.00671856   -0.00814167
9.51654   1.68118  0.960463   -0.00192141   0.461892   0.776557   -0.630047   0.169385   -0.187864   -0.00145774   -0.00178208
9.56089   1.65324  0.926019   -0.0106514   0.469802   0.776732   -0.629831   0.178394   -0.196868   0.00404843   0.00486566
9.60503   1.62545  0.891729   -0.0197597   0.478092   0.777154   -0.629311   0.187883   -0.206427   0.00978174   0.0117925
9.64896   1.59782  0.857575   -0.0292488   0.486781   0.77783   -0.628475   0.197883   -0.21623   -0.627649   0.0190379
9.6927   1.57035  0.823532   -0.0392066   0.495892   0.778769   -0.627311   0.219182   -0.235617   0.027172   0.0345347
9.73629   1.54304  0.78956   -0.0494846   0.505453   0.77998   -0.625804   0.230752   -0.253802   0.0335069   0.0428179
9.77978   1.51587  0.755609   -0.0605324   0.515498   0.781472   -0.623941   0.243034   -0.252807   0.0402405   0.0517032
9.82324   1.4888  0.721608   -0.0715316   0.526072   0.783263   -0.621691   0.253896   -0.289547   0.0459324   0.0618874
9.86676   1.46179  0.687471   -0.0841895   0.537216   0.78535   -0.619052   0.267584   -0.259738   0.0535281   0.0728007
9.91048   1.4348  0.65309   -0.0956061   0.549027   0.787797   -0.615935   0.280649   -0.345652   0.0594805   0.082184
9.95452   1.40774  0.61833   -0.110927   0.561532   0.790553   -0.612394   0.296723   -0.247653   0.0686982   0.096005
9.99908   1.38055  0.583034   -0.122053   0.574928   0.793778   -0.608208   0.309957   -0.432625   0.073214   0.104721
10.0444   1.35312  0.547017   -0.141806   0.589183   0.797301   -0.603582   0.330075   -0.208972   0.0857526   0.12418
10.0906   1.32534  0.510082   -0.151592   0.604703   0.801514   -0.597976   0.341798   -0.551708   0.0866691   0.129824
10.1379   1.29716  0.472001   -0.17803   0.621247   0.805942   -0.591995   0.368393   -0.153851   0.106693   0.158801
10.1867   1.26846  0.432575   -0.185736   0.639655   0.811461   -0.584406   0.374936   -0.680449   0.106964   0.154211
10.2371   1.23923  0.391555   -0.220575   0.659151   0.816957   -0.576698   0.412973   -0.117212   0.138333   0.1993
10.2892   1.20939  0.3488   -0.227034   0.681442   0.8242   -0.566299   0.408055   -0.773879   0.0895201   0.205554
10.3432   1.17911  0.304054   -0.269855   0.704567   0.831053   -0.556193   0.470932   -0.15226   0.123978   0.272148
10.3992   1.14827  0.257305   -0.279092   0.732202   0.840336   -0.542066   0.40176   -0.769661   0.0736601   0.262693
10.4572   1.11733  0.208298   -0.325663   0.757618   0.84871   -0.528859   0.642477   -0.303622   0.116034   0.354625
10.5171   1.08606  0.157183   -0.345587   0.798685   0.860287   -0.509809   -0.0717248   -0.53454   0.159943   0.276472
10.5788   1.05528  0.103696   -0.383643   0.799736   0.870203   -0.492694   2.28605   -0.858289   0.216814   0.396044
10.6408   1.02533  0.0494607   -0.445386   0.953692   0.883742   -0.467974   -7.80483   1.81156   -0.535906   0.700317
10.6964   1  6.45939e-34   -0.357773   0.532147   0.893628   -0.448808   -7.45762   1.43988   0.592764   0.138287
